,Open,High,Low,Close,Adj Close,Volume,ticker,date,^NDXT_Close,QTEC_Close,^SP500-45_Close,time_idx,month,weekofyear
7552,232.1299133300781,237.4400177001953,229.6940460205078,232.9219512939453,232.9219512939453,15470772,GOOG,2007-01-03,1075.9100341796877,19.989999771118164,357.4200134277344,2,1,1
7553,233.6243133544922,241.0714111328125,233.300537109375,240.72769165039062,240.72769165039062,15834329,GOOG,2007-01-04,1097.0799560546877,20.3799991607666,363.7900085449219,3,1,1
7554,240.3491058349609,242.83978271484372,238.1623077392578,242.6853485107422,242.6853485107422,13795717,GOOG,2007-01-05,1090.9300537109377,20.290000915527344,361.489990234375,4,1,1
7555,242.93441772460938,244.02035522460938,240.19967651367188,240.88710021972656,240.88710021972656,9544441,GOOG,2007-01-08,1093.43994140625,20.3700008392334,362.3500061035156,5,1,2
7556,241.818603515625,243.21337890625,239.7015380859375,241.843505859375,241.843505859375,10803142,GOOG,2007-01-09,1096.3599853515623,20.450000762939453,364.0799865722656,6,1,2
7557,241.31051635742188,245.85348510742188,240.11996459960938,243.8161163330078,243.8161163330078,11981743,GOOG,2007-01-10,1110.6600341796877,20.700000762939453,366.489990234375,7,1,2
7558,247.67166137695312,249.93817138671875,247.16357421875,248.9269561767578,248.9269561767578,14470436,GOOG,2007-01-11,1119.1800537109377,20.81999969482422,369.5499877929688,8,1,2
7559,250.05772399902344,251.55709838867188,249.0664367675781,251.55709838867188,251.55709838867188,8980937,GOOG,2007-01-12,1122.550048828125,20.90999984741211,371.3800048828125,9,1,2
7560,252.8273468017578,255.5421600341797,250.7102813720703,251.1984405517578,251.1984405517578,15194540,GOOG,2007-01-16,1113.43994140625,20.75,370.1000061035156,11,1,3
7561,250.75511169433597,252.9369354248047,246.26693725585938,247.7115173339844,247.7115173339844,13448420,GOOG,2007-01-17,1104.0699462890623,20.57999992370605,365.3399963378906,12,1,3
7562,246.336669921875,247.31300354003903,242.80490112304688,243.0041656494141,243.0041656494141,11908469,GOOG,2007-01-18,1070.050048828125,19.940000534057614,358.8399963378906,13,1,3
7563,243.07888793945312,244.46368408203125,242.4611968994141,243.9605712890625,243.9605712890625,9993920,GOOG,2007-01-19,1072.989990234375,20.01000022888184,358.760009765625,14,1,3
7564,245.3304443359375,245.40516662597656,238.3565826416016,239.522216796875,239.522216796875,10849113,GOOG,2007-01-22,1062.030029296875,19.780000686645508,355.6199951171875,15,1,4
7565,239.49729919433597,241.46990966796875,237.75384521484372,238.63055419921875,238.63055419921875,9365975,GOOG,2007-01-23,1062.3499755859377,19.780000686645508,354.6700134277344,16,1,4
7566,241.32046508789062,248.83729553222656,240.7426300048828,248.60317993164062,248.60317993164062,12164023,GOOG,2007-01-24,1087.030029296875,20.229999542236328,360.8699951171875,17,1,4
7567,249.5645751953125,251.3080291748047,241.9232177734375,243.13368225097656,243.13368225097656,12784741,GOOG,2007-01-25,1073.719970703125,19.979999542236328,357.2099914550781,18,1,4
7568,244.5483703613281,248.02035522460938,242.60565185546875,246.99420166015625,246.99420166015625,11034204,GOOG,2007-01-26,1075.4599609375,20.030000686645508,357.6199951171875,19,1,4
7569,248.07017517089844,248.4437713623047,244.3341827392578,245.31549072265625,245.31549072265625,9587201,GOOG,2007-01-29,1073.510009765625,19.959999084472656,358.04998779296875,20,1,5
7570,246.07763671875,248.07017517089844,244.6928253173828,246.23704528808597,246.23704528808597,8392339,GOOG,2007-01-30,1077.97998046875,20.049999237060547,359.7799987792969,21,1,5
7571,247.3179931640625,251.55709838867188,246.82981872558597,249.8136444091797,249.8136444091797,24503703,GOOG,2007-01-31,1078.530029296875,20.100000381469727,361.8599853515625,22,1,5
7572,252.05523681640625,252.06021118164062,239.8659210205078,239.9755096435547,239.9755096435547,31434785,GOOG,2007-02-01,1082.9100341796877,20.170000076293945,360.4400024414063,23,2,5
7573,240.4039001464844,241.59445190429688,238.0128631591797,239.8509826660156,239.8509826660156,12620127,GOOG,2007-02-02,1089.22998046875,20.239999771118164,361.4800109863281,24,2,5
7574,237.8584442138672,238.1075134277344,232.2245635986328,232.70774841308597,232.70774841308597,14467826,GOOG,2007-02-05,1093.9200439453123,20.3799991607666,361.20001220703125,25,2,6
7575,233.17599487304688,235.76629638671875,232.757568359375,234.8596954345703,234.8596954345703,10683696,GOOG,2007-02-06,1090.530029296875,20.239999771118164,360.3200073242188,26,2,6
7576,236.0253143310547,236.28933715820312,233.5147247314453,234.1274261474609,234.1274261474609,8270484,GOOG,2007-02-07,1104.8699951171877,20.540000915527344,363.0199890136719,27,2,6
7577,233.15109252929688,235.99044799804688,231.70651245117188,234.63552856445312,234.63552856445312,8183961,GOOG,2007-02-08,1104.780029296875,20.56999969482422,363.3599853515625,28,2,6
7578,234.9443664550781,235.4574432373047,229.8883209228516,230.0825958251953,230.0825958251953,9753622,GOOG,2007-02-09,1086.47998046875,20.25,358.80999755859375,29,2,6
7579,229.4798583984375,230.3316650390625,226.6604156494141,228.2893218994141,228.2893218994141,11552139,GOOG,2007-02-12,1080.760009765625,20.100000381469727,357.4800109863281,30,2,7
7580,228.71771240234372,230.5259246826172,227.7762451171875,228.69281005859372,228.69281005859372,8155655,GOOG,2007-02-13,1082.949951171875,20.149999618530273,358.3399963378906,31,2,7
7581,229.14112854003903,233.68907165527344,228.7525787353516,232.0950469970703,232.0950469970703,11440321,GOOG,2007-02-14,1103.760009765625,20.56999969482422,363.4800109863281,32,2,7
7582,232.1299133300781,232.19467163085938,229.4997711181641,229.87338256835938,229.87338256835938,8115104,GOOG,2007-02-15,1111.050048828125,20.690000534057614,365.010009765625,33,2,7
7583,230.535888671875,234.1971740722656,230.1672821044922,234.09255981445312,234.09255981445312,12400306,GOOG,2007-02-16,1108.530029296875,20.670000076293945,363.75,34,2,7
7584,233.3603057861328,235.4923095703125,231.4873352050781,235.1685333251953,235.1685333251953,8165693,GOOG,2007-02-20,1114.9300537109377,20.770000457763672,365.2999877929688,36,2,8
7585,234.04275512695312,238.4462432861328,232.9966735839844,237.04150390625,237.04150390625,11323485,GOOG,2007-02-21,1113.6500244140623,20.670000076293945,364.7099914550781,37,2,8
7586,238.45123291015625,241.2158660888672,236.3092498779297,237.0365295410156,237.0365295410156,11530859,GOOG,2007-02-22,1121.6800537109377,20.8700008392334,366.0700073242188,38,2,8
7587,236.98670959472656,237.58447265625,233.0265655517578,234.4312896728516,234.4312896728516,7794306,GOOG,2007-02-23,1120.2900390625,20.88999938964844,365.0,39,2,8
7588,235.53216552734372,236.73765563964844,231.00912475585938,231.596923828125,231.596923828125,7969560,GOOG,2007-02-26,1120.2900390625,20.75,363.2799987792969,40,2,9
7589,226.65045166015625,229.0414886474609,222.7500762939453,223.54708862304688,223.54708862304688,18695413,GOOG,2007-02-27,1069.989990234375,20.049999237060547,348.9700012207031,41,2,9
7590,224.3640289306641,225.98794555664062,220.6927947998047,223.8858184814453,223.8858184814453,16124814,GOOG,2007-02-28,1075.5400390625,20.049999237060547,350.44000244140625,42,2,9
7591,220.50848388671875,225.3652801513672,219.178466796875,223.2780914306641,223.2780914306641,17435509,GOOG,2007-03-01,1068.8599853515623,19.90999984741211,349.3299865722656,43,3,9
7592,221.7239227294922,223.51222229003903,218.52093505859372,218.52093505859372,218.52093505859372,13216554,GOOG,2007-03-02,1050.8499755859377,19.65999984741211,344.0299987792969,44,3,9
7593,217.69403076171875,221.91819763183597,217.6840667724609,219.6516876220703,219.6516876220703,12757841,GOOG,2007-03-05,1039.4300537109377,19.36000061035156,342.5199890136719,45,3,10
7594,222.89952087402344,228.6429901123047,222.8546905517578,227.9207000732422,227.9207000732422,15123876,GOOG,2007-03-06,1058.739990234375,19.709999084472656,348.739990234375,46,3,10
7595,230.4810943603516,230.70526123046875,226.2967834472656,226.9692687988281,226.9692687988281,13117183,GOOG,2007-03-07,1051.3900146484377,19.61000061035156,346.9100036621094,47,3,10
7596,228.7525787353516,231.880859375,226.2021331787109,226.510986328125,226.510986328125,10765802,GOOG,2007-03-08,1062.02001953125,19.76000022888184,348.1700134277344,48,3,10
7597,228.1448516845703,228.3441162109375,224.2096099853516,225.6342620849609,225.6342620849609,9992715,GOOG,2007-03-09,1063.7099609375,19.790000915527344,347.8399963378906,49,3,10
7598,225.44000244140625,226.7749938964844,224.7127227783203,226.5259246826172,226.5259246826172,6956778,GOOG,2007-03-12,1072.25,19.979999542236328,350.7099914550781,50,3,11
7599,224.21458435058597,225.1211853027344,220.5881805419922,220.68780517578125,220.68780517578125,12802407,GOOG,2007-03-13,1048.7900390625,19.559999465942386,343.8999938964844,51,3,11
7600,220.7874298095703,223.49229431152344,218.68032836914062,223.1635284423828,223.1635284423828,16093899,GOOG,2007-03-14,1060.0899658203123,19.68000030517578,348.4599914550781,52,3,11
7601,223.0937957763672,224.07012939453125,221.14111328125,222.26190185546875,222.26190185546875,7917968,GOOG,2007-03-15,1060.1400146484377,19.739999771118164,348.2200012207031,53,3,11
7602,221.992919921875,222.51596069335938,219.1236724853516,219.6018829345703,219.6018829345703,11360623,GOOG,2007-03-16,1057.9300537109377,19.700000762939453,347.8800048828125,54,3,11
7603,220.7973937988281,223.41259765625,219.49229431152344,222.77996826171875,222.77996826171875,10434365,GOOG,2007-03-19,1063.489990234375,19.790000915527344,350.4700012207031,55,3,12
7604,222.06265258789062,222.9642791748047,220.97174072265625,221.80860900878903,221.80860900878903,6868649,GOOG,2007-03-20,1072.31005859375,19.93000030517578,351.79998779296875,56,3,12
7605,221.81857299804688,227.4325256347656,221.77374267578125,227.4225616455078,227.4225616455078,11640067,GOOG,2007-03-21,1099.3699951171877,20.46999931335449,358.7699890136719,57,3,12
7606,226.95431518554688,230.2220764160156,225.42007446289062,230.1573181152344,230.1573181152344,11403985,GOOG,2007-03-22,1091.800048828125,20.350000381469727,356.8999938964844,58,3,12
7607,229.8634185791016,230.8297882080078,227.6865692138672,230.05270385742188,230.05270385742188,8253420,GOOG,2007-03-23,1090.9599609375,20.290000915527344,356.07000732421875,59,3,12
7608,229.41510009765625,231.6317901611328,226.9593048095703,231.6317901611328,231.6317901611328,9455911,GOOG,2007-03-26,1096.469970703125,20.38999938964844,358.1000061035156,60,3,13
7609,230.9095001220703,231.7463531494141,229.31048583984372,230.9443664550781,230.9443664550781,7510446,GOOG,2007-03-27,1087.2099609375,20.280000686645508,355.8999938964844,61,3,13
7610,230.0726318359375,231.85096740722656,229.21583557128903,230.07760620117188,230.07760620117188,9217621,GOOG,2007-03-28,1071.739990234375,19.979999542236328,352.6600036621094,62,3,13
7611,231.4076232910156,232.1299133300781,226.65045166015625,229.5994110107422,229.5994110107422,8006900,GOOG,2007-03-29,1067.52001953125,19.76000022888184,352.239990234375,63,3,13
7612,230.18719482421875,230.83477783203125,227.21832275390625,228.2245635986328,228.2245635986328,6785740,GOOG,2007-03-30,1068.9200439453123,19.799999237060547,352.3399963378906,64,3,13
7613,228.0252990722656,228.40887451171875,225.21583557128903,228.40887451171875,228.40887451171875,6922852,GOOG,2007-04-02,1067.469970703125,19.86000061035156,353.4599914550781,65,4,14
7614,231.15855407714844,236.2395172119141,231.13365173339844,235.4176025390625,235.4176025390625,13052341,GOOG,2007-04-03,1079.22998046875,20.11000061035156,357.3500061035156,66,4,14
7615,235.1884613037109,235.61685180664062,233.91323852539062,234.63055419921875,234.63055419921875,7585928,GOOG,2007-04-04,1085.3499755859377,20.200000762939453,359.4599914550781,67,4,14
7616,234.77001953125,235.16354370117188,233.93316650390625,234.8746337890625,234.8746337890625,5451959,GOOG,2007-04-05,1093.280029296875,20.299999237060547,360.989990234375,68,4,14
7617,235.6068878173828,235.61685180664062,231.9256896972656,233.2307891845703,233.2307891845703,6147155,GOOG,2007-04-09,1090.6500244140623,20.309999465942386,360.6400146484375,70,4,15
7618,232.6728820800781,234.51597595214844,231.71148681640625,232.3789825439453,232.3789825439453,5980934,GOOG,2007-04-10,1098.530029296875,20.420000076293945,361.4599914550781,71,4,15
7619,232.1598052978516,233.82357788085938,230.44125366210938,231.3976593017578,231.3976593017578,7652577,GOOG,2007-04-11,1088.1700439453123,20.229999542236328,358.1499938964844,72,4,15
7620,231.13365173339844,233.12619018554688,230.25694274902344,232.82232666015625,232.82232666015625,5436100,GOOG,2007-04-12,1097.1099853515623,20.420000076293945,360.92999267578125,73,4,15
7621,233.350341796875,233.5097503662109,230.8148498535156,232.27438354492188,232.27438354492188,5610551,GOOG,2007-04-13,1099.6199951171877,20.46999931335449,361.6900024414063,74,4,15
7622,233.35533142089844,237.6044006347656,233.20091247558597,236.24948120117188,236.24948120117188,10193866,GOOG,2007-04-16,1109.3800048828123,20.600000381469727,364.5700073242188,75,4,16
7623,236.01535034179688,237.30552673339844,234.9194641113281,235.5172271728516,235.5172271728516,6444264,GOOG,2007-04-17,1108.719970703125,20.65999984741211,365.7799987792969,76,4,16
7624,234.7500915527344,239.0539703369141,233.88833618164062,237.11622619628903,237.11622619628903,11383509,GOOG,2007-04-18,1112.56005859375,20.75,364.8900146484375,77,4,16
7625,236.36404418945312,240.07513427734372,233.918212890625,234.9443664550781,234.9443664550781,22101733,GOOG,2007-04-19,1110.8699951171877,20.690000534057614,364.6400146484375,78,4,16
7626,244.34413146972656,245.3304443359375,240.11001586914062,240.3391571044922,240.3391571044922,24414169,GOOG,2007-04-20,1115.06005859375,20.76000022888184,367.5400085449219,79,4,16
7627,239.15359497070312,241.59445190429688,238.23703002929688,238.6454925537109,238.6454925537109,11391740,GOOG,2007-04-23,1114.030029296875,20.71999931335449,366.3200073242188,80,4,17
7628,238.411376953125,239.09381103515625,236.8870849609375,237.87339782714844,237.87339782714844,7417097,GOOG,2007-04-24,1126.1099853515625,20.940000534057614,369.1499938964844,81,4,17
7629,239.1037750244141,239.7862243652344,237.1660461425781,238.1025390625,238.1025390625,7963337,GOOG,2007-04-25,1133.0999755859375,21.11000061035156,372.8800048828125,82,4,17
7630,238.15733337402344,241.32046508789062,237.66416931152344,239.6915740966797,239.6915740966797,8280722,GOOG,2007-04-26,1137.8399658203125,21.13999938964844,373.5700073242188,83,4,17
7631,239.1386566162109,240.2993011474609,238.2718963623047,238.61062622070312,238.61062622070312,5873332,GOOG,2007-04-27,1134.3399658203125,21.100000381469727,375.0400085449219,84,4,17
7632,238.6803741455078,239.77626037597656,234.80987548828125,234.80987548828125,234.80987548828125,7309696,GOOG,2007-04-30,1119.8399658203123,20.940000534057614,371.3800048828125,85,4,18
7633,235.2133636474609,235.52220153808597,231.2183380126953,233.6243133544922,233.6243133544922,7343824,GOOG,2007-05-01,1122.489990234375,20.899999618530273,373.1199951171875,86,5,18
7634,233.4499664306641,234.66043090820312,231.99542236328125,232.02032470703125,232.02032470703125,6148360,GOOG,2007-05-02,1130.1099853515625,21.040000915527344,375.510009765625,87,5,18
7635,232.239501953125,236.1498565673828,231.7762451171875,235.73141479492188,235.73141479492188,7215344,GOOG,2007-05-03,1135.5400390625,21.15999984741211,377.6199951171875,88,5,18
7636,234.1822204589844,236.53341674804688,232.0701446533203,234.68035888671875,234.68035888671875,7929611,GOOG,2007-05-04,1142.1600341796875,21.26000022888184,378.5799865722656,89,5,18
7637,235.1884613037109,235.52719116210938,232.36404418945312,232.76254272460938,232.76254272460938,6062840,GOOG,2007-05-07,1139.02001953125,21.25,379.0299987792969,90,5,19
7638,232.19467163085938,233.2108612060547,231.49728393554688,232.5334014892578,232.5334014892578,5831978,GOOG,2007-05-08,1140.97998046875,21.229999542236328,380.75,91,5,19
7639,232.2046356201172,234.98422241210938,231.07388305664062,233.7488555908203,233.7488555908203,7808961,GOOG,2007-05-09,1149.0999755859375,21.399999618530273,380.92999267578125,92,5,19
7640,232.6479797363281,233.868408203125,229.6492156982422,229.87338256835938,229.87338256835938,7400234,GOOG,2007-05-10,1130.1099853515625,21.059999465942386,376.8599853515625,93,5,19
7641,230.05270385742188,232.6280517578125,229.6392517089844,232.49853515625,232.49853515625,5910270,GOOG,2007-05-11,1147.4100341796875,21.36000061035156,381.7900085449219,94,5,19
7642,231.8708953857422,232.8820953369141,229.14112854003903,230.02780151367188,230.02780151367188,7774432,GOOG,2007-05-14,1140.199951171875,21.190000534057614,379.9599914550781,95,5,20
7643,230.11746215820312,230.4063873291016,227.8509521484375,228.1448516845703,228.1448516845703,8268878,GOOG,2007-05-15,1126.1400146484375,20.96999931335449,377.0299987792969,96,5,20
7644,230.13739013671875,235.68658447265625,228.6529541015625,235.42257690429688,235.42257690429688,13157534,GOOG,2007-05-16,1136.1500244140625,21.1299991607666,380.95001220703125,97,5,20
7645,235.3478546142578,236.7227020263672,234.52593994140625,234.6006622314453,234.6006622314453,9356138,GOOG,2007-05-17,1130.699951171875,21.1299991607666,379.7200012207031,98,5,20
7646,235.1336669921875,235.4674072265625,233.9979248046875,234.2818603515625,234.2818603515625,7419506,GOOG,2007-05-18,1139.68994140625,21.149999618530273,382.1600036621094,99,5,20
7647,233.88833618164062,238.7052764892578,232.4885711669922,234.42132568359372,234.42132568359372,12364773,GOOG,2007-05-21,1144.0899658203125,21.280000686645508,383.8399963378906,100,5,21
7648,235.61685180664062,238.61062622070312,235.61685180664062,237.04150390625,237.04150390625,7706779,GOOG,2007-05-22,1148.52001953125,21.3799991607666,384.7300109863281,101,5,21
7649,239.5122528076172,240.8024139404297,235.99044799804688,236.10003662109372,236.10003662109372,10158334,GOOG,2007-05-23,1137.0999755859375,21.229999542236328,381.510009765625,102,5,21
7650,236.68783569335938,238.7052764892578,234.86964416503903,236.2793731689453,236.2793731689453,8378487,GOOG,2007-05-24,1115.0,20.71999931335449,375.0499877929688,103,5,21
7651,238.954345703125,241.5695343017578,237.74388122558597,240.85720825195312,240.85720825195312,10737095,GOOG,2007-05-25,1125.3699951171877,20.96999931335449,378.7699890136719,104,5,21
7652,241.59445190429688,244.98175048828125,241.0963134765625,242.6455078125,242.6455078125,10475117,GOOG,2007-05-29,1134.1400146484375,21.13999938964844,381.05999755859375,106,5,22
7653,241.3453826904297,248.4886016845703,240.5981750488281,248.3690490722656,248.3690490722656,14545918,GOOG,2007-05-30,1141.989990234375,21.100000381469727,384.25,107,5,22
7654,249.34539794921875,253.44004821777344,247.6019287109375,248.0253448486328,248.0253448486328,17915501,GOOG,2007-05-31,1151.97998046875,21.450000762939453,385.0299987792969,108,5,22
7655,249.5645751953125,251.5670623779297,248.03530883789062,249.26568603515625,249.26568603515625,9633976,GOOG,2007-06-01,1155.1099853515625,21.530000686645508,386.3900146484375,109,6,22
7656,248.0253448486328,254.30181884765625,247.86593627929688,252.58824157714844,252.58824157714844,14255233,GOOG,2007-06-04,1159.72998046875,21.59000015258789,387.4800109863281,110,6,23
7657,253.92323303222656,258.53097534179693,252.35910034179688,258.45126342773443,258.45126342773443,20972517,GOOG,2007-06-05,1158.1300048828125,21.56999969482422,386.9599914550781,111,6,23
7658,257.41015625,259.41763305664057,256.66793823242193,258.1573486328125,258.1573486328125,15832523,GOOG,2007-06-06,1148.1800537109375,21.43000030517578,383.17999267578125,112,6,23
7659,258.90457153320307,262.2669677734375,255.29808044433597,256.56832885742193,256.56832885742193,21340691,GOOG,2007-06-07,1126.9200439453125,21.1299991607666,376.6600036621094,113,6,23
7660,257.13619995117193,258.84976196289057,253.77877807617188,256.78250122070307,256.78250122070307,12764064,GOOG,2007-06-08,1146.530029296875,21.309999465942386,382.5400085449219,114,6,23
7661,256.05026245117193,258.1573486328125,254.0477600097656,254.71527099609372,254.71527099609372,9330241,GOOG,2007-06-11,1148.0,21.420000076293945,381.6499938964844,115,6,24
7662,253.4051818847656,254.8796539306641,250.64552307128903,251.44253540039062,251.44253540039062,12887124,GOOG,2007-06-12,1140.719970703125,21.309999465942386,378.4100036621094,116,6,24
7663,252.59820556640625,253.32049560546875,248.41387939453125,251.67665100097656,251.67665100097656,14120730,GOOG,2007-06-13,1156.75,21.530000686645508,383.6199951171875,117,6,24
7664,251.74639892578125,251.99545288085938,249.91326904296875,250.48114013671875,250.48114013671875,9277043,GOOG,2007-06-14,1163.780029296875,21.700000762939453,386.3599853515625,118,6,24
7665,253.14614868164062,253.5496368408203,249.67913818359372,252.0004425048828,252.0004425048828,12394484,GOOG,2007-06-15,1174.239990234375,21.8700008392334,390.0,119,6,24
7666,252.1448974609375,257.0365600585937,251.17852783203125,256.6380615234375,256.6380615234375,9708052,GOOG,2007-06-18,1174.699951171875,21.8799991607666,391.1000061035156,120,6,25
7667,256.0452880859375,257.65924072265625,254.8148956298828,256.19473266601557,256.19473266601557,8743249,GOOG,2007-06-19,1172.25,21.86000061035156,390.95001220703125,121,6,25
7668,257.5147705078125,258.40643310546875,253.57952880859372,254.03282165527344,254.03282165527344,8708921,GOOG,2007-06-20,1161.3800048828125,21.68000030517578,386.9599914550781,122,6,25
7669,254.5359344482422,256.68289184570307,252.19471740722656,256.0950927734375,256.0950927734375,8852457,GOOG,2007-06-21,1180.5899658203125,22.0,391.489990234375,123,6,25
7670,257.24578857421875,261.5147705078125,257.0863647460937,261.50979614257807,261.50979614257807,14461402,GOOG,2007-06-22,1169.0699462890625,21.799999237060547,386.6300048828125,124,6,25
7671,263.5023193359375,266.49609375,260.71279907226557,262.72525024414057,262.72525024414057,15909410,GOOG,2007-06-25,1157.56005859375,21.51000022888184,385.6000061035156,125,6,26
7672,265.37033081054693,265.60446166992193,262.137451171875,264.13995361328125,264.13995361328125,11421651,GOOG,2007-06-26,1154.780029296875,21.51000022888184,384.7900085449219,126,6,26
7673,261.51974487304693,263.00918579101557,258.80990600585943,262.162353515625,262.162353515625,12292102,GOOG,2007-06-27,1171.9599609375,21.809999465942386,389.42999267578125,127,6,26
7674,261.45999145507807,263.7613525390625,260.9219970703125,261.52474975585943,261.52474975585943,8368048,GOOG,2007-06-28,1172.760009765625,21.84000015258789,389.510009765625,128,6,26
7675,262.02786254882807,262.7152709960937,258.76010131835943,260.37405395507807,260.37405395507807,7790291,GOOG,2007-06-29,1173.3499755859375,21.8799991607666,388.2099914550781,129,6,26
7676,261.76385498046875,264.93197631835943,261.12124633789057,264.19970703125,264.19970703125,7001345,GOOG,2007-07-02,1183.3699951171875,22.020000457763672,391.3999938964844,130,7,27
7677,264.5384521484375,266.20220947265625,262.76510620117193,266.17233276367193,266.17233276367193,3757632,GOOG,2007-07-03,1186.1300048828125,22.09000015258789,394.2799987792969,131,7,27
7678,266.780029296875,271.1835327148437,265.0814208984375,269.8037109375,269.8037109375,9922854,GOOG,2007-07-05,1195.18994140625,22.25,397.0499877929688,133,7,27
7679,269.61441040039057,270.91952514648443,268.359130859375,268.69287109375,268.69287109375,5514593,GOOG,2007-07-06,1200.4300537109375,22.3799991607666,398.4599914550781,134,7,27
7680,270.48614501953125,273.34542846679693,269.12127685546875,270.2669677734375,270.2669677734375,7487560,GOOG,2007-07-09,1206.300048828125,22.479999542236328,398.3500061035156,135,7,28
7681,270.87966918945307,272.47866821289057,269.81365966796875,270.655517578125,270.655517578125,7740906,GOOG,2007-07-10,1196.8399658203125,22.36000061035156,395.5700073242188,136,7,28
7682,270.79000854492193,272.2296142578125,268.99673461914057,271.21841430664057,271.21841430664057,6643408,GOOG,2007-07-11,1203.489990234375,22.3799991607666,397.5299987792969,137,7,28
7683,271.91079711914057,272.63809204101557,269.10134887695307,271.64678955078125,271.64678955078125,6909000,GOOG,2007-07-12,1232.1500244140625,22.940000534057614,406.3200073242188,138,7,28
7684,272.93197631835943,275.3031005859375,272.60321044921875,275.04904174804693,275.04904174804693,10513460,GOOG,2007-07-13,1231.8900146484375,22.95000076293945,406.1000061035156,139,7,28
7685,274.12252807617193,278.2470703125,273.62936401367193,275.46249389648443,275.46249389648443,13248473,GOOG,2007-07-16,1228.47998046875,22.8700008392334,406.8299865722656,140,7,29
7686,276.48367309570307,277.82363891601557,275.1586303710937,276.4637451171875,276.4637451171875,8689649,GOOG,2007-07-17,1246.0899658203125,23.20000076293945,409.6700134277344,141,7,29
7687,275.91082763671875,276.21469116210943,270.8896484375,273.72402954101557,273.72402954101557,12205579,GOOG,2007-07-18,1237.43994140625,23.04999923706055,406.6199951171875,142,7,29
7688,275.69662475585943,275.7265014648437,270.10757446289057,273.27072143554693,273.27072143554693,22337815,GOOG,2007-07-19,1258.280029296875,23.5,411.8500061035156,143,7,29
7689,254.9942169189453,260.6131591796875,253.7987060546875,259.0888671875,259.0888671875,35677830,GOOG,2007-07-20,1242.4300537109375,23.13999938964844,407.6000061035156,144,7,29
7690,258.53594970703125,259.02908325195307,255.11875915527344,255.29808044433597,255.29808044433597,12761053,GOOG,2007-07-23,1241.3499755859375,23.1200008392334,408.8699951171875,145,7,30
7691,253.69908142089844,258.37652587890625,252.6081695556641,256.040283203125,256.040283203125,11185971,GOOG,2007-07-24,1224.6800537109375,22.75,402.739990234375,146,7,30
7692,257.52471923828125,257.54464721679693,251.8360595703125,253.9282073974609,253.9282073974609,11131568,GOOG,2007-07-25,1229.25,22.76000022888184,403.0299987792969,147,7,30
7693,253.4201202392578,255.3379364013672,248.50852966308597,253.05149841308597,253.05149841308597,13818401,GOOG,2007-07-26,1205.43994140625,22.3799991607666,397.6199951171875,148,7,30
7694,253.3155059814453,257.34539794921875,251.80616760253903,254.9892425537109,254.9892425537109,11059499,GOOG,2007-07-27,1184.1199951171875,22.07999992370605,390.9599914550781,149,7,30
7695,255.5023193359375,258.7003173828125,254.2968292236328,257.09136962890625,257.09136962890625,7956311,GOOG,2007-07-30,1198.5400390625,22.350000381469727,393.3399963378906,150,7,31
7696,259.1436767578125,259.24826049804693,254.0477600097656,254.0477600097656,254.0477600097656,8573014,GOOG,2007-07-31,1173.81005859375,21.899999618530273,386.4400024414063,151,7,31
7697,254.2968292236328,257.29061889648443,253.12124633789062,255.5122833251953,255.5122833251953,8889596,GOOG,2007-08-01,1181.4599609375,21.96999931335449,390.3399963378906,152,8,31
7698,255.90081787109372,256.533447265625,253.5496368408203,254.55088806152344,254.55088806152344,6333451,GOOG,2007-08-02,1189.1300048828125,22.01000022888184,393.8699951171875,153,8,31
7699,254.0726776123047,255.64178466796875,250.5608367919922,250.5608367919922,250.5608367919922,6376210,GOOG,2007-08-03,1151.9300537109375,21.540000915527344,384.7699890136719,154,8,31
7700,250.5608367919922,254.1224822998047,250.311767578125,254.0477600097656,254.0477600097656,7330373,GOOG,2007-08-06,1169.699951171875,21.709999084472656,390.6099853515625,155,8,32
7701,253.92323303222656,258.96932983398443,253.56956481933597,257.04653930664057,257.04653930664057,8560567,GOOG,2007-08-07,1170.8299560546875,21.520000457763672,390.4200134277344,156,8,32
7702,258.7003173828125,261.90829467773443,257.5795288085937,261.90829467773443,261.90829467773443,8168102,GOOG,2007-08-08,1195.489990234375,22.200000762939453,397.1700134277344,157,8,32
7703,259.4276123046875,262.42636108398443,256.3541259765625,256.4039306640625,256.4039306640625,9729332,GOOG,2007-08-09,1168.6400146484375,21.8700008392334,386.6199951171875,158,8,32
7704,254.13743591308597,258.3914794921875,251.8709259033203,256.91201782226557,256.91201782226557,11794443,GOOG,2007-08-10,1164.239990234375,21.61000061035156,386.30999755859375,159,8,32
7705,258.79995727539057,258.90457153320307,255.5571136474609,256.78750610351557,256.78750610351557,6382434,GOOG,2007-08-13,1165.949951171875,21.75,388.1000061035156,160,8,33
7706,256.8970947265625,257.73394775390625,253.05149841308597,253.3503875732422,253.3503875732422,7294640,GOOG,2007-08-14,1145.0799560546875,21.38999938964844,381.6600036621094,161,8,33
7707,253.5496368408203,254.88961791992188,247.42758178710938,247.84600830078125,247.84600830078125,10859552,GOOG,2007-08-15,1123.1400146484377,21.020000457763672,374.95001220703125,162,8,33
7708,245.0913391113281,247.28810119628903,239.3329162597656,244.8422698974609,244.8422698974609,17356012,GOOG,2007-08-16,1115.02001953125,20.56999969482422,367.2799987792969,163,8,33
7709,247.7912139892578,249.5645751953125,244.9070281982422,249.08636474609372,249.08636474609372,10999876,GOOG,2007-08-17,1142.1800537109375,21.239999771118164,379.3699951171875,164,8,33
7710,250.29183959960938,250.34165954589844,247.07391357421875,248.0303192138672,248.0303192138672,5414820,GOOG,2007-08-20,1149.3900146484375,21.43000030517578,379.2699890136719,165,8,34
7711,248.53842163085938,253.13119506835938,247.9555969238281,252.35910034179688,252.35910034179688,7248267,GOOG,2007-08-21,1153.800048828125,21.43000030517578,380.8999938964844,166,8,34
7712,254.02784729003903,257.16110229492193,253.67416381835938,255.41763305664062,255.41763305664062,6529784,GOOG,2007-08-22,1170.6199951171875,21.809999465942386,385.0700073242188,167,8,34
7713,257.0365600585937,257.101318359375,252.55337524414062,255.138671875,255.138671875,6176464,GOOG,2007-08-23,1165.760009765625,21.700000762939453,385.7799987792969,168,8,34
7714,255.347900390625,256.81240844726557,253.30056762695312,256.53842163085943,256.53842163085943,4963937,GOOG,2007-08-24,1177.8900146484375,21.86000061035156,391.5799865722656,169,8,34
7715,256.25448608398443,257.75885009765625,254.7451477050781,255.6716766357422,255.6716766357422,4667630,GOOG,2007-08-27,1169.3599853515625,21.82999992370605,389.1600036621094,170,8,35
7716,254.80990600585938,256.52847290039057,251.95062255859372,252.2544860839844,252.2544860839844,6572343,GOOG,2007-08-28,1141.5,21.26000022888184,380.75,171,8,35
7717,252.9718017578125,255.6916046142578,252.66793823242188,255.48239135742188,255.48239135742188,5117711,GOOG,2007-08-29,1172.6600341796875,21.61000061035156,391.0299987792969,172,8,35
7718,255.22335815429688,256.7376708984375,254.3366851806641,254.7451477050781,254.7451477050781,5323278,GOOG,2007-08-30,1176.93994140625,21.84000015258789,392.489990234375,173,8,35
7719,255.59197998046875,257.28564453125,254.780029296875,256.6629638671875,256.6629638671875,5977522,GOOG,2007-08-31,1192.9100341796875,22.25,397.0400085449219,174,8,35
7720,256.54840087890625,263.01416015625,256.34915161132807,261.594482421875,261.594482421875,7415090,GOOG,2007-09-04,1214.550048828125,22.65999984741211,403.2300109863281,176,9,36
7721,260.72274780273443,263.7514038085937,260.14990234375,262.91452026367193,262.91452026367193,6650635,GOOG,2007-09-05,1201.9100341796875,22.420000076293945,399.75,177,9,36
7722,263.69161987304693,263.92575073242193,258.15237426757807,260.78253173828125,260.78253173828125,7278982,GOOG,2007-09-06,1205.8599853515625,22.459999084472656,400.8800048828125,178,9,36
7723,257.96310424804693,259.64678955078125,257.43505859375,258.705322265625,258.705322265625,7354664,GOOG,2007-09-07,1179.02001953125,21.96999931335449,392.7699890136719,179,9,36
7724,259.66671752929693,260.06024169921875,254.4861297607422,256.27938842773443,256.27938842773443,6475782,GOOG,2007-09-10,1179.27001953125,22.020000457763672,393.1000061035156,180,9,37
7725,257.5297241210937,259.8510131835937,256.90206909179693,259.69161987304693,259.69161987304693,5427468,GOOG,2007-09-11,1197.97998046875,22.280000686645508,398.7200012207031,181,9,37
7726,259.2930908203125,263.00418090820307,258.53097534179693,260.34915161132807,260.34915161132807,5994385,GOOG,2007-09-12,1191.4000244140625,22.239999771118164,396.2900085449219,182,9,37
7727,261.051513671875,262.62063598632807,260.63308715820307,261.41015625,261.41015625,3796377,GOOG,2007-09-13,1193.8299560546875,22.190000534057614,396.5,183,9,37
7728,260.62310791015625,264.14492797851557,260.13494873046875,263.38775634765625,263.38775634765625,5550527,GOOG,2007-09-14,1193.3800048828125,22.21999931335449,395.3200073242188,184,9,37
7729,262.28189086914057,263.65176391601557,261.05648803710943,261.669189453125,261.669189453125,4411474,GOOG,2007-09-17,1186.030029296875,23.0,393.2999877929688,185,9,38
7730,262.27691650390625,267.62188720703125,261.1561279296875,266.63558959960943,266.63558959960943,8463003,GOOG,2007-09-18,1219.699951171875,22.68000030517578,401.2699890136719,186,9,38
7731,268.62811279296875,273.6990966796875,268.42388916015625,272.40396118164057,272.40396118164057,11095232,GOOG,2007-09-19,1223.510009765625,22.770000457763672,402.6099853515625,187,9,38
7732,272.47866821289057,277.36038208007807,271.9954833984375,275.3828125,275.3828125,11091418,GOOG,2007-09-20,1217.3399658203125,22.70000076293945,402.9100036621094,188,9,38
7733,277.13125610351557,279.34793090820307,275.3828125,279.00421142578125,279.00421142578125,16083460,GOOG,2007-09-21,1223.72998046875,22.79999923706055,405.9599914550781,189,9,38
7734,279.45254516601557,284.66302490234375,278.95440673828125,282.9494323730469,282.9494323730469,10633709,GOOG,2007-09-24,1217.030029296875,22.6299991607666,407.1199951171875,190,9,39
7735,280.94692993164057,283.716552734375,280.37905883789057,283.4375915527344,283.4375915527344,5481670,GOOG,2007-09-25,1229.6400146484375,22.85000038146973,411.2999877929688,191,9,39
7736,284.1349792480469,284.827392578125,280.852294921875,283.0191650390625,283.0191650390625,6717284,GOOG,2007-09-26,1232.3299560546875,22.979999542236328,412.1600036621094,192,9,39
7737,284.7975158691406,284.802490234375,281.8336181640625,282.6903991699219,282.6903991699219,4128015,GOOG,2007-09-27,1237.43994140625,23.040000915527344,412.70001220703125,193,9,39
7738,282.44134521484375,283.7115783691406,281.0067138671875,282.5758361816406,282.5758361816406,5298787,GOOG,2007-09-28,1238.8499755859375,23.04999923706055,411.9700012207031,194,9,39
7739,283.9208068847656,291.0839538574219,283.741455078125,290.18731689453125,290.18731689453125,9457918,GOOG,2007-10-01,1254.3399658203125,23.32999992370605,417.5700073242188,195,10,40
7740,290.60076904296875,297.2906799316406,288.92205810546875,291.1038818359375,291.1038818359375,14187981,GOOG,2007-10-02,1255.8599853515625,23.3700008392334,418.0400085449219,196,10,40
7741,292.0303955078125,293.3952941894531,289.0964050292969,290.9195556640625,290.9195556640625,7788083,GOOG,2007-10-03,1246.75,23.18000030517578,414.0499877929688,197,10,40
7742,291.45257568359375,291.45257568359375,287.4525451660156,288.4338684082031,288.4338684082031,5995790,GOOG,2007-10-04,1246.8599853515625,23.190000534057614,413.5700073242188,198,10,40
7743,292.45880126953125,296.88720703125,292.4089660644531,295.91583251953125,295.91583251953125,10175397,GOOG,2007-10-05,1268.510009765625,23.57999992370605,418.8200073242188,199,10,40
7744,296.3890686035156,303.9905700683594,295.86602783203125,303.6717529296875,303.6717529296875,10093692,GOOG,2007-10-08,1277.8199462890625,23.790000915527344,422.0,200,10,41
7745,306.4065246582031,310.7253112792969,303.0590515136719,306.4413757324219,306.4413757324219,17601328,GOOG,2007-10-09,1275.25,23.71999931335449,424.30999755859375,201,10,41
7746,309.51983642578125,311.6717834472656,307.24835205078125,311.5273132324219,311.5273132324219,10811573,GOOG,2007-10-10,1279.510009765625,23.82999992370605,425.5899963378906,202,10,41
7747,315.63690185546875,319.5074157714844,303.3629150390625,309.8386535644531,309.8386535644531,23686451,GOOG,2007-10-11,1255.8199462890625,23.3700008392334,420.0700073242188,203,10,41
7748,310.824951171875,318.0080261230469,307.9656677246094,317.5049133300781,317.5049133300781,13698554,GOOG,2007-10-12,1287.22998046875,23.90999984741211,424.7699890136719,204,10,41
7749,318.04290771484375,318.73529052734375,306.6257019042969,308.8971862792969,308.8971862792969,13939654,GOOG,2007-10-15,1276.3199462890625,23.739999771118164,421.760009765625,205,10,42
7750,308.0902099609375,311.79132080078125,304.8523254394531,306.849853515625,306.849853515625,12095769,GOOG,2007-10-16,1261.06005859375,23.489999771118164,420.2699890136719,206,10,42
7751,314.0478820800781,315.8162536621094,309.6343994140625,315.5572204589844,315.5572204589844,12106208,GOOG,2007-10-17,1279.6700439453125,23.770000457763672,426.6300048828125,207,10,42
7752,316.51861572265625,319.48748779296875,313.0765075683594,318.6157531738281,318.6157531738281,24670526,GOOG,2007-10-18,1293.5999755859375,24.1200008392334,426.42999267578125,208,10,42
7753,326.057861328125,328.0155029296875,320.41400146484375,321.1512451171875,321.1512451171875,31696362,GOOG,2007-10-19,1254.199951171875,23.3799991607666,416.0400085449219,209,10,42
7754,318.14251708984375,326.27703857421875,316.9519958496094,324.15997314453125,324.15997314453125,13378760,GOOG,2007-10-22,1270.550048828125,23.63999938964844,420.0,210,10,43
7755,329.3903503417969,337.53485107421875,328.7677001953125,336.6232604980469,336.6232604980469,13638329,GOOG,2007-10-23,1291.8599853515625,24.040000915527344,425.7999877929688,211,10,43
7756,335.0989685058594,337.4700927734375,328.54852294921875,336.6481628417969,336.6481628417969,14863906,GOOG,2007-10-24,1263.449951171875,23.51000022888184,421.17999267578125,212,10,43
7757,338.07281494140625,338.21728515625,330.53607177734375,333.0068054199219,333.0068054199219,11634446,GOOG,2007-10-25,1242.56005859375,23.1299991607666,419.7699890136719,213,10,43
7758,335.7565002441406,337.0068054199219,332.78265380859375,336.0404357910156,336.0404357910156,6732942,GOOG,2007-10-26,1255.8599853515625,23.36000061035156,429.6700134277344,214,10,43
7759,337.6195068359375,338.7303466796875,334.7901306152344,338.3468017578125,338.3468017578125,6155586,GOOG,2007-10-29,1265.239990234375,23.540000915527344,431.4100036621094,215,10,44
7760,337.489990234375,348.648193359375,337.489990234375,346.0877685546875,346.0877685546875,13852930,GOOG,2007-10-30,1266.2099609375,23.57999992370605,433.95001220703125,216,10,44
7761,349.0367126464844,352.179931640625,346.72039794921875,352.179931640625,352.179931640625,13805152,GOOG,2007-10-31,1282.3599853515625,23.81999969482422,441.3599853515625,217,10,44
7762,350.0827941894531,355.52740478515625,349.5796813964844,350.2920227050781,350.2920227050781,13103331,GOOG,2007-11-01,1256.97998046875,23.459999084472656,433.95001220703125,218,11,44
7763,353.9283752441406,355.4576721191406,347.36798095703125,354.2969970703125,354.2969970703125,11726791,GOOG,2007-11-02,1270.6300048828125,23.649999618530273,437.5,219,11,44
7764,352.1749572753906,363.7515563964844,351.7166748046875,361.4701232910156,361.4701232910156,17833997,GOOG,2007-11-05,1262.6800537109375,23.520000457763672,435.9599914550781,220,11,45
7765,367.4028930664063,369.5099792480469,361.1463317871094,369.5099792480469,369.5099792480469,16935843,GOOG,2007-11-06,1262.3399658203125,23.46999931335449,440.0799865722656,221,11,45
7766,369.1812133789063,372.2248229980469,360.2198181152344,365.10150146484375,365.10150146484375,16609022,GOOG,2007-11-07,1236.0699462890625,23.03000068664551,428.5700073242188,222,11,45
7767,365.9284057617188,366.0728759765625,337.32562255859375,345.62451171875,345.62451171875,33148184,GOOG,2007-11-08,1198.280029296875,22.32999992370605,411.92999267578125,223,11,45
7768,336.62823486328125,339.6668395996094,329.3704528808594,330.7452697753906,330.7452697753906,22861571,GOOG,2007-11-09,1169.1600341796875,21.790000915527344,398.7099914550781,224,11,45
7769,327.64190673828125,333.7141418457031,311.935791015625,314.8548583984375,314.8548583984375,20531269,GOOG,2007-11-12,1140.47998046875,21.270000457763672,392.67999267578125,225,11,46
7770,321.29071044921875,329.2259826660156,314.8548583984375,329.0416564941406,329.0416564941406,16954111,GOOG,2007-11-13,1181.6099853515625,21.90999984741211,408.2900085449219,226,11,46
7771,335.3829040527344,336.4837646484375,316.9469909667969,319.64190673828125,319.64190673828125,16250082,GOOG,2007-11-14,1163.75,21.90999984741211,402.1700134277344,227,11,46
7772,318.09271240234375,322.5410461425781,310.83489990234375,313.64935302734375,313.64935302734375,13987633,GOOG,2007-11-15,1151.5699462890625,21.43000030517578,399.239990234375,228,11,46
7773,315.7863464355469,316.5584716796875,306.85980224609375,315.6319274902344,315.6319274902344,18153389,GOOG,2007-11-16,1163.969970703125,21.670000076293945,404.70001220703125,229,11,46
7774,313.6194763183594,317.1960754394531,308.0951843261719,311.7564697265625,311.7564697265625,11096236,GOOG,2007-11-19,1144.219970703125,21.1200008392334,398.6499938964844,230,11,47
7775,317.0516052246094,328.3193664550781,315.25335693359375,323.05908203125,323.05908203125,19754970,GOOG,2007-11-20,1135.3399658203125,21.1200008392334,400.4100036621094,231,11,47
7776,320.6830139160156,333.73406982421875,319.8411560058594,329.0267333984375,329.0267333984375,14079577,GOOG,2007-11-21,1122.300048828125,20.88999938964844,394.7200012207031,232,11,47
7777,333.7490234375,337.8735656738281,332.80755615234375,337.0865173339844,337.0865173339844,5497931,GOOG,2007-11-23,1135.4300537109375,21.1299991607666,399.6600036621094,234,11,47
7778,338.8299865722656,345.40533447265625,331.25836181640625,331.7565002441406,331.7565002441406,13631102,GOOG,2007-11-26,1110.699951171875,20.670000076293945,389.8200073242188,235,11,48
7779,336.14007568359375,336.9520263671875,323.9158935546875,335.5273742675781,335.5273742675781,17875753,GOOG,2007-11-27,1134.6500244140625,20.8799991607666,395.7699890136719,236,11,48
7780,339.7814025878906,345.8536682128906,334.8150329589844,344.83746337890625,344.83746337890625,15892346,GOOG,2007-11-28,1167.8399658203125,21.670000076293945,408.1600036621094,237,11,48
7781,344.0852966308594,350.0827941894531,342.6008605957031,347.1986083984375,347.1986083984375,12462538,GOOG,2007-11-29,1170.989990234375,21.809999465942386,409.75,238,11,48
7782,354.1724853515625,354.2023620605469,339.7814025878906,345.2060852050781,345.2060852050781,15850189,GOOG,2007-11-30,1154.6099853515625,21.46999931335449,405.6400146484375,239,11,48
7783,344.2148132324219,346.2023620605469,339.2982177734375,339.49249267578125,339.49249267578125,8682623,GOOG,2007-12-03,1146.699951171875,21.36000061035156,402.0199890136719,240,12,49
7784,337.8885192871094,344.70794677734375,337.2957458496094,340.8025817871094,340.8025817871094,8495324,GOOG,2007-12-04,1138.1199951171875,21.18000030517578,400.8399963378906,241,12,49
7785,345.07159423828125,348.1600036621094,342.4663391113281,347.9508056640625,347.9508056640625,8450757,GOOG,2007-12-05,1163.4100341796875,21.649999618530273,410.95001220703125,242,12,49
7786,347.59710693359375,356.9421081542969,347.2035827636719,356.2945251464844,356.2945251464844,9854800,GOOG,2007-12-06,1179.4300537109375,21.88999938964844,416.8800048828125,243,12,49
7787,356.1600341796875,357.6593933105469,353.92340087890625,356.1002502441406,356.1002502441406,7733077,GOOG,2007-12-07,1180.6099853515625,21.979999542236328,416.1000061035156,244,12,49
7788,356.6581726074219,361.0467224121094,355.6668701171875,357.8686218261719,357.8686218261719,7741308,GOOG,2007-12-10,1188.3900146484375,22.09000015258789,418.92999267578125,245,12,50
7789,358.62579345703125,359.1488342285156,348.0852966308594,348.29449462890625,348.29449462890625,12324222,GOOG,2007-12-11,1160.1800537109375,21.6200008392334,410.9100036621094,246,12,50
7790,355.6668701171875,355.8262634277344,342.9644775390625,348.3692321777344,348.3692321777344,12364372,GOOG,2007-12-12,1167.719970703125,21.729999542236328,415.4400024414063,247,12,50
7791,346.8548889160156,347.5074462890625,339.3330993652344,345.7291259765625,345.7291259765625,10119388,GOOG,2007-12-13,1164.239990234375,21.670000076293945,416.1000061035156,248,12,50
7792,342.4713439941406,348.5435791015625,342.3468017578125,343.6917724609375,343.6917724609375,7374538,GOOG,2007-12-14,1152.0799560546875,21.440000534057614,411.4100036621094,249,12,50
7793,342.7154235839844,346.41156005859375,330.5958557128906,333.365478515625,333.365478515625,11013126,GOOG,2007-12-17,1125.8900146484377,20.979999542236328,402.5700073242188,250,12,51
7794,335.8212585449219,337.09149169921875,325.0317077636719,335.41778564453125,335.41778564453125,14387125,GOOG,2007-12-18,1132.7900390625,21.06999969482422,404.7200012207031,251,12,51
7795,335.8461608886719,338.4812927246094,333.2508850097656,337.4202575683594,337.4202575683594,8875343,GOOG,2007-12-19,1135.3199462890625,21.07999992370605,405.8500061035156,252,12,51
7796,341.63446044921875,344.2098083496094,339.0342102050781,343.5572509765625,343.5572509765625,8877551,GOOG,2007-12-20,1158.02001953125,21.489999771118164,412.42999267578125,253,12,51
7797,347.636962890625,348.32440185546875,345.32562255859375,347.044189453125,347.044189453125,10804346,GOOG,2007-12-21,1177.56005859375,21.88999938964844,418.6600036621094,254,12,51
7798,346.1973571777344,349.056640625,345.2359619140625,349.056640625,349.056640625,3269007,GOOG,2007-12-24,1183.2099609375,22.059999465942386,422.2300109863281,255,12,52
7799,348.1899108886719,355.2783203125,347.8013610839844,354.0927734375,354.0927734375,5078966,GOOG,2007-12-26,1187.3699951171875,22.07999992370605,423.1499938964844,257,12,52
7800,352.2148132324219,356.66314697265625,349.0616455078125,349.0616455078125,349.0616455078125,5907058,GOOG,2007-12-27,1168.1199951171875,21.739999771118164,416.260009765625,258,12,52
7801,351.1488037109375,352.6531677246094,346.969482421875,349.9532775878906,349.9532775878906,5144611,GOOG,2007-12-28,1168.5799560546875,21.71999931335449,416.489990234375,259,12,52
7802,347.9806823730469,349.933349609375,344.0006103515625,344.44891357421875,344.44891357421875,4770213,GOOG,2007-12-31,1155.9100341796875,21.51000022888184,411.6199951171875,260,12,1
7803,345.1413269042969,347.3829345703125,337.5995788574219,341.315673828125,341.315673828125,8646087,GOOG,2008-01-02,1133.3399658203125,21.190000534057614,403.2099914550781,262,1,1
7804,341.35052490234375,342.142578125,336.9968566894531,341.3854064941406,341.3854064941406,6529382,GOOG,2008-01-03,1131.3599853515625,21.01000022888184,402.3399963378906,263,1,1
7805,338.575927734375,339.20855712890625,326.27703857421875,327.2732849121094,327.2732849121094,10759780,GOOG,2008-01-04,1081.43994140625,20.1299991607666,384.17999267578125,264,1,1
7806,325.7490234375,329.9034423828125,317.4849853515625,323.41278076171875,323.41278076171875,12854803,GOOG,2008-01-07,1069.719970703125,19.86000061035156,379.4599914550781,265,1,2
7807,325.28076171875,328.7477722167969,314.32183837890625,314.66058349609375,314.66058349609375,10718225,GOOG,2008-01-08,1040.800048828125,19.34000015258789,370.6099853515625,266,1,2
7808,313.8436279296875,325.45013427734375,310.0926818847656,325.3804016113281,325.3804016113281,13529924,GOOG,2008-01-09,1052.3699951171877,19.5,378.8200073242188,267,1,2
7809,321.3006896972656,327.3729248046875,318.8598327636719,322.157470703125,322.157470703125,12715884,GOOG,2008-01-10,1056.6600341796877,19.690000534057614,380.0400085449219,268,1,2
7810,320.1499938964844,323.5223693847656,313.8785095214844,317.9333190917969,317.9333190917969,9991310,GOOG,2008-01-11,1024.8699951171877,19.09000015258789,372.4100036621094,269,1,2
7811,324.354248046875,327.4725646972656,321.42022705078125,325.6892395019531,325.6892395019531,8928341,GOOG,2008-01-14,1053.47998046875,19.59000015258789,382.1700134277344,270,1,3
7812,321.7440185546875,323.3131408691406,316.503662109375,317.6344299316406,317.6344299316406,11178142,GOOG,2008-01-15,1022.8699951171876,19.020000457763672,373.1900024414063,271,1,3
7813,313.3106384277344,318.800048828125,299.84112548828125,306.824951171875,306.824951171875,21199163,GOOG,2008-01-16,1023.7100219726562,19.09000015258789,365.1300048828125,272,1,3
7814,309.2209777832031,311.70166015625,297.888427734375,299.27325439453125,299.27325439453125,16495197,GOOG,2008-01-17,1000.5700073242188,18.6299991607666,359.32000732421875,273,1,3
7815,303.04412841796875,303.8560791015625,298.10760498046875,299.0042724609375,299.0042724609375,17143217,GOOG,2008-01-18,1012.6400146484376,18.86000061035156,360.7699890136719,274,1,3
7816,279.96560668945307,297.6343994140625,279.5521850585937,291.0839538574219,291.0839538574219,19074228,GOOG,2008-01-22,983.75,18.489999771118164,349.69000244140625,276,1,4
7817,279.30807495117193,282.9394836425781,258.53097534179693,273.28564453125,273.28564453125,34058583,GOOG,2008-01-23,986.280029296875,18.280000686645508,349.32000732421875,277,1,4
7818,278.35665893554693,288.76263427734375,276.03533935546875,286.17236328125,286.17236328125,18872274,GOOG,2008-01-24,1026.6500244140623,18.920000076293945,359.80999755859375,278,1,4
7819,294.8000183105469,296.3890686035156,282.0328674316406,282.1424560546875,282.1424560546875,13984221,GOOG,2008-01-25,1010.5599975585938,18.799999237060547,353.57000732421875,279,1,4
7820,284.4189147949219,285.0515441894531,273.27569580078125,276.951904296875,276.951904296875,11677005,GOOG,2008-01-28,1020.3400268554688,18.920000076293945,355.05999755859375,280,1,5
7821,279.18853759765625,279.61691284179693,269.32550048828125,274.23211669921875,274.23211669921875,12613100,GOOG,2008-01-29,1021.2899780273438,18.979999542236328,355.1300048828125,281,1,5
7822,273.569580078125,279.16860961914057,270.74020385742193,273.11129760742193,273.11129760742193,15938719,GOOG,2008-01-30,1023.3900146484376,19.0,355.3500061035156,282,1,5
7823,268.49859619140625,285.4301452636719,266.1473999023437,281.09637451171875,281.09637451171875,29854083,GOOG,2008-01-31,1020.989990234375,19.01000022888184,360.1400146484375,283,1,5
7824,263.347900390625,267.33297729492193,254.0477600097656,256.9867553710937,256.9867553710937,35332942,GOOG,2008-02-01,1057.06005859375,19.6200008392334,363.17999267578125,284,2,5
7825,253.5845031738281,255.4325714111328,245.3553466796875,246.78997802734372,246.78997802734372,26412832,GOOG,2008-02-04,1042.5400390625,19.3799991607666,357.05999755859375,285,2,6
7826,243.8011779785156,253.5496368408203,243.34786987304688,252.4537353515625,252.4537353515625,22490585,GOOG,2008-02-05,1007.9400024414062,18.739999771118164,346.29998779296875,286,2,6
7827,254.6156311035156,254.63058471679688,248.03530883789062,249.91824340820312,249.91824340820312,15330046,GOOG,2008-02-06,986.1400146484376,18.3700008392334,341.6000061035156,287,2,6
7828,247.50230407714844,256.13494873046875,246.4562225341797,251.53219604492188,251.53219604492188,15917239,GOOG,2008-02-07,991.9500122070312,18.40999984741211,340.82000732421875,288,2,6
7829,253.7538604736328,257.89834594726557,253.4001922607422,257.38027954101557,257.38027954101557,13708993,GOOG,2008-02-08,1008.0599975585938,18.75,345.1700134277344,289,2,6
7830,259.28811645507807,260.87716674804693,255.74142456054688,259.60693359375,259.60693359375,11695675,GOOG,2008-02-11,1023.0599975585938,19.0,349.0299987792969,290,2,7
7831,260.7177734375,264.30929565429693,255.5571136474609,258.07766723632807,258.07766723632807,13374544,GOOG,2008-02-12,1017.22998046875,18.920000076293945,348.3800048828125,291,2,7
7832,260.2744140625,266.49609375,258.37652587890625,266.31179809570307,266.31179809570307,13299062,GOOG,2008-02-13,1048.06005859375,19.46999931335449,357.010009765625,292,2,7
7833,268.16983032226557,269.50979614257807,264.508544921875,265.1312255859375,265.1312255859375,13001953,GOOG,2008-02-14,1022.8900146484376,19.030000686645508,349.75,293,2,7
7834,263.1685791015625,265.33544921875,261.18600463867193,263.83108520507807,263.83108520507807,10519482,GOOG,2008-02-15,1014.5499877929688,18.780000686645508,347.8999938964844,294,2,7
7835,266.47119140625,266.53097534179693,252.30430603027344,253.5247344970703,253.5247344970703,12748406,GOOG,2008-02-19,1002.6699829101562,18.59000015258789,344.2799987792969,296,2,8
7836,250.81488037109372,254.55088806152344,248.4786376953125,253.5496368408203,253.5496368408203,13374343,GOOG,2008-02-20,1019.8200073242188,18.899999618530273,349.45001220703125,297,2,8
7837,255.46743774414062,255.6467742919922,248.8173675537109,250.49110412597656,250.49110412597656,11398164,GOOG,2008-02-21,1015.8900146484376,18.8700008392334,346.79998779296875,298,2,8
7838,250.09259033203125,253.5496368408203,247.84600830078125,252.95187377929688,252.95187377929688,11073150,GOOG,2008-02-22,1016.7999877929688,18.88999938964844,347.760009765625,299,2,8
7839,252.03033447265625,252.30430603027344,241.9630584716797,242.31175231933597,242.31175231933597,16808367,GOOG,2008-02-25,1027.1199951171877,19.07999992370605,347.1600036621094,300,2,9
7840,229.73887634277344,232.36404418945312,222.59068298339844,231.22830200195312,231.22830200195312,46749173,GOOG,2008-02-26,1034.2099609375,19.209999084472656,353.4700012207031,301,2,9
7841,229.2058868408203,236.85720825195312,228.9617919921875,235.547119140625,235.547119140625,20319679,GOOG,2008-02-27,1042.0899658203123,19.38999938964844,356.3299865722656,302,2,9
7842,234.37152099609372,238.6504821777344,232.8073883056641,236.8073883056641,236.8073883056641,13223179,GOOG,2008-02-28,1026.6199951171877,19.1299991607666,355.1099853515625,303,2,9
7843,235.053955078125,238.9742584228516,231.4574432373047,234.7102508544922,234.7102508544922,18921457,GOOG,2008-02-29,996.3900146484376,18.530000686645508,345.20001220703125,304,2,9
7844,234.8746337890625,235.4773712158203,224.21458435058597,227.6566925048828,227.6566925048828,15165632,GOOG,2008-03-03,988.7000122070312,18.280000686645508,342.9800109863281,305,3,10
7845,224.63302612304688,225.8335266113281,217.0763397216797,221.46987915039062,221.46987915039062,27345515,GOOG,2008-03-04,994.5399780273438,18.479999542236328,344.5899963378906,306,3,10
7846,221.7936553955078,226.2370147705078,221.1709899902344,223.0140838623047,223.0140838623047,14928948,GOOG,2008-03-05,1004.6900024414062,18.13999938964844,347.3800048828125,307,3,10
7847,223.0091094970703,225.8036346435547,214.7849273681641,215.54209899902344,215.54209899902344,14996200,GOOG,2008-03-06,982.5,18.399999618530273,340.8999938964844,308,3,10
7848,213.63922119140625,219.178466796875,212.32415771484372,215.86587524414062,215.86587524414062,16204110,GOOG,2008-03-07,978.5599975585938,18.13999938964844,341.0299987792969,309,3,10
7849,213.61431884765625,214.6952667236328,205.74880981445312,206.0377197265625,206.0377197265625,16035079,GOOG,2008-03-10,960.75,17.93000030517578,337.80999755859375,310,3,11
7850,211.8359832763672,219.2531890869141,211.53211975097656,219.0987701416016,219.0987701416016,17719971,GOOG,2008-03-11,997.6099853515624,18.350000381469727,350.0199890136719,311,3,11
7851,219.18344116210938,223.10374450683597,218.21707153320312,219.26812744140625,219.26812744140625,13353666,GOOG,2008-03-12,991.0,18.420000076293945,347.8900146484375,312,3,11
7852,215.5271453857422,222.65542602539062,213.58941650390625,220.67784118652344,220.67784118652344,15511122,GOOG,2008-03-13,997.6900024414062,18.559999465942386,348.6300048828125,313,3,11
7853,220.66290283203125,223.83102416992188,214.5059814453125,218.1423492431641,218.1423492431641,13198085,GOOG,2008-03-14,971.22998046875,18.100000381469727,340.80999755859375,314,3,11
7854,213.1958923339844,216.0452117919922,205.28553771972656,209.1510467529297,209.1510467529297,15835534,GOOG,2008-03-17,957.5499877929688,17.809999465942386,339.70001220703125,315,3,12
7855,213.6890411376953,219.59689331054688,211.97048950195312,218.76004028320312,218.76004028320312,14528654,GOOG,2008-03-18,996.7100219726562,18.350000381469727,353.8999938964844,316,3,12
7856,219.7313995361328,222.9144592285156,215.02902221679688,215.1934051513672,215.1934051513672,12404321,GOOG,2008-03-19,964.0800170898438,18.049999237060547,343.94000244140625,317,3,12
7857,212.8621368408203,217.0364990234375,207.9704742431641,215.96551513671875,215.96551513671875,19901116,GOOG,2008-03-20,981.6099853515624,18.190000534057614,349.80999755859375,318,3,12
7858,218.3963928222656,232.02032470703125,218.042724609375,229.42007446289062,229.42007446289062,13577703,GOOG,2008-03-24,1020.510009765625,18.940000534057614,359.2200012207031,320,3,13
7859,227.87586975097656,227.8808441162109,222.16726684570312,224.54833984375,224.54833984375,11706917,GOOG,2008-03-25,1025.3499755859377,19.06999969482422,359.8299865722656,321,3,13
7860,225.449951171875,230.57077026367188,223.80612182617188,228.239501953125,228.239501953125,10490574,GOOG,2008-03-26,1017.02001953125,18.88999938964844,355.9100036621094,322,3,13
7861,222.16726684570312,223.46739196777344,219.42254638671875,221.2108459472656,221.2108459472656,11708121,GOOG,2008-03-27,989.4000244140624,18.399999618530273,347.5199890136719,323,3,13
7862,222.89453125,225.9381256103516,216.34408569335938,218.2220458984375,218.2220458984375,8785206,GOOG,2008-03-28,986.47998046875,18.34000015258789,347.67999267578125,324,3,13
7863,217.0066070556641,220.51844787597656,215.1983795166016,219.4125823974609,219.4125823974609,8926132,GOOG,2008-03-31,989.0599975585938,18.309999465942386,348.3599853515625,325,3,14
7864,223.0340118408203,232.3789825439453,222.6006317138672,231.98545837402344,231.98545837402344,12231877,GOOG,2008-04-01,1030.3699951171877,19.13999938964844,360.6199951171875,326,4,14
7865,234.0726318359375,236.9817352294922,229.33538818359372,231.98048400878903,231.98048400878903,12042971,GOOG,2008-04-02,1030.3499755859377,19.07999992370605,359.05999755859375,327,4,14
7866,230.00289916992188,230.7799835205078,223.2282867431641,226.71023559570312,226.71023559570312,13607614,GOOG,2008-04-03,1041.5999755859377,19.350000381469727,359.5199890136719,328,4,14
7867,227.65170288085938,238.0228271484375,227.2482147216797,234.66542053222656,234.66542053222656,11838608,GOOG,2008-04-04,1040.2099609375,19.43000030517578,360.4700012207031,329,4,14
7868,237.62432861328125,241.81362915039062,235.880859375,237.51971435546875,237.51971435546875,11931555,GOOG,2008-04-07,1034.27001953125,19.229999542236328,359.30999755859375,330,4,15
7869,235.63677978515625,236.18472290039062,230.14236450195312,233.0315399169922,233.0315399169922,9128087,GOOG,2008-04-08,1025.0400390625,19.07999992370605,355.6600036621094,331,4,15
7870,233.68907165527344,235.11871337890625,227.91571044921875,231.22830200195312,231.22830200195312,12141540,GOOG,2008-04-09,1022.2000122070312,18.989999771118164,354.75,332,4,15
7871,231.6118621826172,236.0452423095703,230.0626678466797,233.66416931152344,233.66416931152344,10182825,GOOG,2008-04-10,1036.81005859375,19.239999771118164,360.1600036621094,333,4,15
7872,231.16851806640625,232.757568359375,226.6554412841797,227.87088012695312,227.87088012695312,8370658,GOOG,2008-04-11,1003.8099975585938,18.75,349.9100036621094,334,4,15
7873,227.72642517089844,227.87088012695312,224.2345123291016,224.9866943359375,224.9866943359375,7714006,GOOG,2008-04-14,996.8599853515624,18.61000061035156,348.2900085449219,335,4,16
7874,228.2096099853516,229.00164794921875,221.03152465820312,222.585693359375,222.585693359375,9189516,GOOG,2008-04-15,999.6500244140624,18.530000686645508,348.5899963378906,336,4,16
7875,221.3702545166016,228.28433227539062,219.67660522460938,226.6654052734375,226.6654052734375,15318603,GOOG,2008-04-16,1037.4100341796877,19.280000686645508,359.3399963378906,337,4,16
7876,226.9642791748047,228.82730102539062,222.42628479003903,223.9306488037109,223.9306488037109,26806101,GOOG,2008-04-17,1036.3800048828123,19.309999465942386,359.92999267578125,338,4,16
7877,266.60568237304693,272.82736206054693,261.40518188476557,268.69784545898443,268.69784545898443,36607903,GOOG,2008-04-18,1072.5999755859377,19.959999084472656,372.2200012207031,339,4,16
7878,268.68789672851557,270.28192138671875,264.15487670898443,267.890869140625,267.890869140625,14935172,GOOG,2008-04-21,1087.3199462890623,20.229999542236328,374.8699951171875,340,4,17
7879,267.78128051757807,279.36785888671875,267.7763061523437,276.4637451171875,276.4637451171875,15936511,GOOG,2008-04-22,1065.3800048828123,19.770000457763672,370.3399963378906,341,4,17
7880,277.92825317382807,278.61068725585943,269.4649658203125,272.22463989257807,272.22463989257807,9879894,GOOG,2008-04-23,1091.5,20.229999542236328,375.5,342,4,17
7881,274.6156616210937,276.20968627929693,269.001708984375,270.50607299804693,270.50607299804693,8301199,GOOG,2008-04-24,1103.030029296875,20.489999771118164,379.4599914550781,343,4,17
7882,273.48492431640625,275.46746826171875,270.35165405273443,271.01416015625,271.01416015625,8360018,GOOG,2008-04-25,1103.8299560546877,20.209999084472656,375.0,344,4,17
7883,271.9207763671875,277.3653564453125,268.49362182617193,275.02911376953125,275.02911376953125,8047250,GOOG,2008-04-28,1098.5999755859377,20.420000076293945,373.4800109863281,345,4,18
7884,274.38653564453125,280.6480712890625,273.97805786132807,278.1922607421875,278.1922607421875,8724580,GOOG,2008-04-29,1108.25,20.459999084472656,375.6700134277344,346,4,18
7885,280.0552978515625,291.3379821777344,278.1922607421875,286.0727233886719,286.0727233886719,15865245,GOOG,2008-04-30,1098.4200439453123,20.34000015258789,372.4200134277344,347,4,18
7886,288.0752258300781,296.35418701171875,287.40771484375,295.4326477050781,295.4326477050781,13255098,GOOG,2008-05-01,1136.18994140625,21.11000061035156,384.489990234375,348,5,18
7887,298.1275329589844,300.10015869140625,288.5683898925781,289.5596618652344,289.5596618652344,14050066,GOOG,2008-05-02,1133.760009765625,21.030000686645508,384.1099853515625,349,5,18
7888,298.3118591308594,298.381591796875,292.46875,296.3392333984375,296.3392333984375,12609085,GOOG,2008-05-05,1125.6099853515623,20.950000762939453,381.6499938964844,350,5,19
7889,294.3965148925781,294.8946533203125,290.4114685058594,292.085205078125,292.085205078125,9293304,GOOG,2008-05-06,1140.6500244140625,21.270000457763672,385.2999877929688,351,5,19
7890,294.03289794921875,298.62567138671875,287.13873291015625,288.4189453125,288.4189453125,13275574,GOOG,2008-05-07,1115.1300048828123,20.75,379.70001220703125,352,5,19
7891,292.0054931640625,293.5497131347656,288.3741149902344,290.41644287109375,290.41644287109375,10284204,GOOG,2008-05-08,1122.8499755859377,20.8700008392334,382.17999267578125,353,5,19
7892,288.4189453125,291.4077453613281,284.58331298828125,285.5297546386719,285.5297546386719,9003421,GOOG,2008-05-09,1121.9300537109377,20.850000381469727,380.3299865722656,354,5,19
7893,286.3018798828125,292.27947998046875,283.39276123046875,291.3778381347656,291.3778381347656,9764262,GOOG,2008-05-12,1138.27001953125,21.1200008392334,385.4400024414063,355,5,20
7894,292.02044677734375,292.8772277832031,288.19476318359375,290.4114685058594,290.4114685058594,10365708,GOOG,2008-05-13,1142.8299560546875,21.280000686645508,385.6300048828125,356,5,20
7895,292.14996337890625,294.4911804199219,286.5509338378906,287.073974609375,287.073974609375,8784403,GOOG,2008-05-14,1149.25,21.40999984741211,386.8999938964844,357,5,20
7896,288.4189453125,290.3865661621094,286.7302551269531,289.4151916503906,289.4151916503906,8717955,GOOG,2008-05-15,1178.4300537109375,21.920000076293945,395.0199890136719,358,5,20
7897,289.62939453125,291.2483215332031,288.0802001953125,288.9519348144531,288.9519348144531,8580241,GOOG,2008-05-16,1180.7900390625,21.959999084472656,395.0,359,5,20
7898,288.19476318359375,293.3404846191406,285.6891784667969,287.68170166015625,287.68170166015625,11251014,GOOG,2008-05-19,1168.4200439453125,21.709999084472656,392.8500061035156,360,5,21
7899,286.2420959472656,290.1524353027344,285.38531494140625,288.2196960449219,288.2196960449219,6652040,GOOG,2008-05-20,1151.56005859375,21.3799991607666,387.2300109863281,361,5,21
7900,288.1798400878906,289.61944580078125,272.92202758789057,273.96810913085943,273.96810913085943,12984688,GOOG,2008-05-21,1133.5699462890625,21.07999992370605,379.8200073242188,362,5,21
7901,274.94442749023443,276.07022094726557,269.11627197265625,273.7041015625,273.7041015625,10190654,GOOG,2008-05-22,1135.6800537109375,21.1299991607666,381.6000061035156,363,5,21
7902,272.45877075195307,275.46746826171875,267.90084838867193,271.29312133789057,271.29312133789057,8896221,GOOG,2008-05-23,1126.9599609375,20.96999931335449,379.5299987792969,364,5,21
7903,271.46249389648443,280.24954223632807,270.90957641601557,279.40274047851557,279.40274047851557,7759978,GOOG,2008-05-27,1147.6800537109375,21.350000381469727,386.5700073242188,366,5,22
7904,282.9095764160156,284.6779479980469,279.50234985351557,283.05902099609375,283.05902099609375,8131164,GOOG,2008-05-28,1154.260009765625,21.46999931335449,387.9400024414063,367,5,22
7905,286.3218078613281,291.8460998535156,285.5297546386719,290.4114685058594,290.4114685058594,9726320,GOOG,2008-05-29,1162.9300537109375,21.649999618530273,390.489990234375,368,5,22
7906,290.6455993652344,293.8585510253906,289.56463623046875,291.8062438964844,291.8062438964844,6474578,GOOG,2008-05-30,1184.0799560546875,22.030000686645508,392.7300109863281,369,5,22
7907,290.16241455078125,290.85479736328125,284.568359375,286.4263916015625,286.4263916015625,7375944,GOOG,2008-06-02,1166.81005859375,21.65999984741211,387.1600036621094,370,6,23
7908,287.1736145019531,289.1661376953125,279.25827026367193,282.5907897949219,282.5907897949219,8642875,GOOG,2008-06-03,1160.030029296875,21.57999992370605,385.4200134277344,371,6,23
7909,281.6094665527344,287.9208068847656,281.22091674804693,285.0415954589844,285.0415954589844,6751612,GOOG,2008-06-04,1174.6099853515625,21.850000381469727,389.1199951171875,372,6,23
7910,287.4625244140625,292.92205810546875,287.0291442871094,292.0552978515625,292.0552978515625,7862762,GOOG,2008-06-05,1190.8199462890625,22.170000076293945,395.6000061035156,373,6,23
7911,288.79254150390625,289.2757263183594,282.44134521484375,282.44134521484375,282.44134521484375,9504492,GOOG,2008-06-06,1154.030029296875,21.559999465942386,384.4100036621094,374,6,23
7912,282.9693603515625,283.93572998046875,271.68167114257807,277.89340209960943,277.89340209960943,10616244,GOOG,2008-06-09,1149.550048828125,21.399999618530273,383.6900024414063,375,6,24
7913,273.75390625,278.36660766601557,272.3690795898437,276.05029296875,276.05029296875,7342218,GOOG,2008-06-10,1131.550048828125,21.07999992370605,382.67999267578125,376,6,24
7914,277.0814208984375,277.62936401367193,271.21343994140625,271.58203125,271.58203125,7654383,GOOG,2008-06-11,1101.1400146484377,20.5,373.6000061035156,377,6,24
7915,273.3554077148437,277.9581298828125,272.41891479492193,275.44256591796875,275.44256591796875,11024368,GOOG,2008-06-12,1103.1099853515623,20.440000534057614,376.2200012207031,378,6,24
7916,279.69662475585943,286.77508544921875,279.62191772460943,284.68792724609375,284.68792724609375,12415161,GOOG,2008-06-13,1129.52001953125,20.90999984741211,383.8200073242188,379,6,24
7917,282.1922607421875,288.46875,282.1922607421875,285.3354797363281,285.3354797363281,7112159,GOOG,2008-06-16,1139.989990234375,21.18000030517578,385.489990234375,380,6,25
7918,287.098876953125,287.9556579589844,283.1287536621094,283.666748046875,283.666748046875,6951760,GOOG,2008-06-17,1122.6800537109377,20.90999984741211,382.4599914550781,381,6,25
7919,281.20098876953125,283.4326171875,278.53598022460943,280.13995361328125,280.13995361328125,6787747,GOOG,2008-06-18,1107.1099853515623,20.61000061035156,377.5400085449219,382,6,25
7920,276.63809204101557,280.8373413085937,274.37655639648443,279.05404663085943,279.05404663085943,11408803,GOOG,2008-06-19,1131.3299560546875,21.07999992370605,382.1000061035156,383,6,25
7921,277.45004272460943,277.45004272460943,271.23834228515625,272.19473266601557,272.19473266601557,12011052,GOOG,2008-06-20,1097.31005859375,20.479999542236328,372.67999267578125,384,6,25
7922,271.6617431640625,275.54220581054693,269.9979858398437,271.5870361328125,271.5870361328125,7299056,GOOG,2008-06-23,1089.4599609375,20.290000915527344,370.3399963378906,385,6,26
7923,271.55215454101557,274.5658569335937,266.5509033203125,270.137451171875,270.137451171875,9380228,GOOG,2008-06-24,1089.969970703125,20.280000686645508,369.1199951171875,386,6,26
7924,271.46746826171875,277.8585205078125,270.81991577148443,274.47122192382807,274.47122192382807,8275302,GOOG,2008-06-25,1107.22998046875,20.56999969482422,374.75,387,6,26
7925,271.03408813476557,271.44754028320307,263.1436767578125,263.42263793945307,263.42263793945307,11361426,GOOG,2008-06-26,1061.5400390625,19.88999938964844,361.45001220703125,388,6,26
7926,262.85476684570307,264.01043701171875,256.583251953125,263.04904174804693,263.04904174804693,10935837,GOOG,2008-06-27,1059.8699951171877,19.780000686645508,359.92999267578125,389,6,26
7927,265.24081420898443,267.9954833984375,260.55337524414057,262.22711181640625,262.22711181640625,7558827,GOOG,2008-06-30,1048.949951171875,19.520000457763672,356.3500061035156,390,6,27
7928,258.81988525390625,267.35787963867193,257.53469848632807,266.36660766601557,266.36660766601557,9956982,GOOG,2008-07-01,1055.239990234375,19.6299991607666,357.6499938964844,391,7,27
7929,267.25326538085943,269.1810302734375,262.0477905273437,262.53594970703125,262.53594970703125,8477658,GOOG,2008-07-02,1033.6800537109377,19.26000022888184,351.3399963378906,392,7,27
7930,264.44879150390625,268.60818481445307,262.76510620117193,267.49734497070307,267.49734497070307,4818995,GOOG,2008-07-03,1025.2900390625,19.190000534057614,351.6199951171875,393,7,27
7931,270.137451171875,273.47494506835943,266.79995727539057,270.939453125,270.939453125,8542299,GOOG,2008-07-07,1030.81005859375,19.18000030517578,354.3500061035156,395,7,28
7932,271.97555541992193,276.55838012695307,268.99176025390625,276.2296142578125,276.2296142578125,9901776,GOOG,2008-07-08,1040.4300537109377,19.309999465942386,357.8500061035156,396,7,28
7933,274.35165405273443,276.802490234375,269.35537719726557,269.76385498046875,269.76385498046875,8339140,GOOG,2008-07-09,1004.4400024414062,18.739999771118164,346.30999755859375,397,7,28
7934,271.482421875,273.72402954101557,264.3690795898437,269.27569580078125,269.27569580078125,8695873,GOOG,2008-07-10,1016.8800048828124,18.899999618530273,350.7099914550781,398,7,28
7935,267.248291015625,268.74267578125,258.74514770507807,265.9033203125,265.9033203125,10000143,GOOG,2008-07-11,997.0599975585938,18.59000015258789,347.4599914550781,399,7,28
7936,268.49362182617193,269.02163696289057,256.76260375976557,259.8360595703125,259.8360595703125,8882770,GOOG,2008-07-14,983.280029296875,18.21999931335449,344.0199890136719,400,7,29
7937,257.17605590820307,262.76510620117193,249.6143798828125,257.08139038085943,257.08139038085943,12187511,GOOG,2008-07-15,987.7899780273438,18.43000030517578,344.7699890136719,401,7,29
7938,256.06021118164057,267.248291015625,254.34664916992188,266.79995727539057,266.79995727539057,9519950,GOOG,2008-07-16,1018.739990234375,18.920000076293945,352.69000244140625,402,7,29
7939,266.08267211914057,267.52224731445307,261.27069091796875,265.7239990234375,265.7239990234375,17640675,GOOG,2008-07-17,1035.9300537109377,19.32999992370605,356.8399963378906,403,7,29
7940,248.24452209472656,248.558349609375,238.20216369628903,239.7613220214844,239.7613220214844,22669453,GOOG,2008-07-18,1024.9300537109377,19.06999969482422,351.6499938964844,404,7,29
7941,239.5421295166016,241.1411437988281,231.98048400878903,233.52468872070312,233.52468872070312,11847241,GOOG,2008-07-21,1013.9500122070312,18.88999938964844,349.2799987792969,405,7,30
7942,232.4885711669922,239.2283172607422,231.9306640625,237.66416931152344,237.66416931152344,9418170,GOOG,2008-07-22,1006.4500122070312,18.59000015258789,348.8399963378906,406,7,30
7943,239.90577697753903,247.6866149902344,238.15733337402344,243.69656372070312,243.69656372070312,9824889,GOOG,2008-07-23,1016.8800048828124,18.8700008392334,353.7300109863281,407,7,30
7944,247.42259216308597,247.5072784423828,236.9219512939453,236.9219512939453,236.9219512939453,7108344,GOOG,2008-07-24,986.5900268554688,18.31999969482422,346.9200134277344,408,7,30
7945,242.336669921875,245.64427185058597,239.8509826660156,245.0714111328125,245.0714111328125,6390865,GOOG,2008-07-25,1004.510009765625,18.649999618530273,352.3599853515625,409,7,30
7946,245.12620544433597,245.12620544433597,236.6778717041016,237.66915893554688,237.66915893554688,6343689,GOOG,2008-07-28,985.0700073242188,18.43000030517578,344.8999938964844,410,7,31
7947,238.7550811767578,242.72023010253903,238.1075134277344,240.6529693603516,240.6529693603516,5626611,GOOG,2008-07-29,1010.3099975585938,18.670000076293945,352.2300109863281,411,7,31
7948,241.843505859375,242.1025390625,235.52220153808597,240.44874572753903,240.44874572753903,7007568,GOOG,2008-07-30,1014.1599731445312,18.81999969482422,354.05999755859375,412,7,31
7949,236.39393615722656,239.547119140625,234.8397674560547,235.99044799804688,235.99044799804688,5751678,GOOG,2008-07-31,1008.7000122070312,18.809999465942386,351.8399963378906,413,7,31
7950,235.37277221679688,235.7264404296875,230.38645935058597,233.0564422607422,233.0564422607422,6038349,GOOG,2008-08-01,1001.4400024414062,18.6299991607666,349.6099853515625,414,8,31
7951,233.1859588623047,235.621826171875,230.0875701904297,230.63552856445312,230.63552856445312,4992644,GOOG,2008-08-04,995.0599975585938,18.489999771118164,348.2699890136719,415,8,32
7952,232.9219512939453,239.1436309814453,232.2943115234375,239.029052734375,239.029052734375,7195871,GOOG,2008-08-05,1024.93994140625,18.940000534057614,357.9599914550781,416,8,32
7953,238.2918243408203,243.9705352783203,235.37277221679688,242.26194763183597,242.26194763183597,6776907,GOOG,2008-08-06,1042.699951171875,19.450000762939453,362.6499938964844,417,8,32
7954,240.1000518798828,241.0963134765625,237.3154754638672,238.66542053222656,238.66542053222656,5568394,GOOG,2008-08-07,1040.0799560546877,19.350000381469727,362.4599914550781,418,8,32
7955,239.17849731445312,246.94937133789062,236.9568328857422,246.58074951171875,246.58074951171875,7506632,GOOG,2008-08-08,1060.300048828125,19.71999931335449,370.4800109863281,419,8,32
7956,245.31549072265625,253.48985290527344,244.97178649902344,249.48486328125,249.48486328125,8510380,GOOG,2008-08-11,1071.27001953125,19.90999984741211,372.0700073242188,420,8,33
7957,250.0626983642578,252.1199951171875,248.07017517089844,250.36656188964844,250.36656188964844,5532058,GOOG,2008-08-12,1069.2900390625,19.81999969482422,371.92999267578125,421,8,33
7958,249.8634490966797,250.829833984375,246.0178680419922,249.0813751220703,249.0813751220703,7278179,GOOG,2008-08-13,1067.0400390625,19.850000381469727,371.5299987792969,422,8,33
7959,247.9207305908203,252.8572235107422,247.21836853027344,251.8011932373047,251.8011932373047,5859079,GOOG,2008-08-14,1080.81005859375,20.09000015258789,374.1400146484375,423,8,33
7960,252.5483856201172,254.3765411376953,251.80616760253903,254.1224822998047,254.1224822998047,7117980,GOOG,2008-08-15,1081.6500244140623,20.170000076293945,374.2999877929688,424,8,33
7961,253.9680633544922,254.0477600097656,246.82981872558597,248.2196044921875,248.2196044921875,6692793,GOOG,2008-08-18,1063.4000244140623,19.71999931335449,369.30999755859375,425,8,34
7962,244.2993011474609,248.20965576171875,242.40640258789062,244.3341827392578,244.3341827392578,6115838,GOOG,2008-08-19,1048.8699951171877,19.51000022888184,364.260009765625,426,8,34
7963,246.4362945556641,247.4176177978516,240.3839874267578,241.59445190429688,241.59445190429688,7994052,GOOG,2008-08-20,1054.4100341796877,19.530000686645508,365.45001220703125,427,8,34
7964,240.55833435058597,244.0352935791016,238.7401428222656,242.3565826416016,242.3565826416016,7054543,GOOG,2008-08-21,1050.239990234375,19.540000915527344,364.5899963378906,428,8,34
7965,244.83230590820312,246.5159912109375,243.8260803222656,244.37901306152344,244.37901306152344,4611621,GOOG,2008-08-22,1064.199951171875,19.76000022888184,370.0700073242188,429,8,34
7966,242.1473693847656,247.5720367431641,239.8509826660156,240.6031646728516,240.6031646728516,4043700,GOOG,2008-08-25,1042.9300537109377,19.3799991607666,363.5,430,8,35
7967,240.8273162841797,240.8273162841797,234.41635131835938,236.19468688964844,236.19468688964844,6641200,GOOG,2008-08-26,1034.0899658203123,19.209999084472656,362.0799865722656,431,8,35
7968,235.98048400878903,236.52842712402344,231.55209350585938,233.41510009765625,233.41510009765625,8807088,GOOG,2008-08-27,1045.75,19.38999938964844,364.9599914550781,432,8,35
7969,235.36280822753903,237.3354034423828,234.28683471679688,236.0054016113281,236.0054016113281,6082112,GOOG,2008-08-28,1055.77001953125,19.670000076293945,368.010009765625,433,8,35
7970,233.9979248046875,234.6255645751953,230.30177307128903,230.7799835205078,230.7799835205078,7725248,GOOG,2008-08-29,1026.7900390625,19.11000061035156,358.94000244140625,434,8,35
7971,237.49481201171875,240.1897125244141,229.8484649658203,231.75631713867188,231.75631713867188,12268815,GOOG,2008-09-02,1014.5700073242188,18.940000534057614,353.9700012207031,436,9,36
7972,233.4898223876953,236.2594451904297,228.9319000244141,231.337890625,231.337890625,8661544,GOOG,2008-09-03,990.3800048828124,18.940000534057614,347.8699951171875,437,9,36
7973,229.14112854003903,230.75506591796875,223.8609161376953,224.289306640625,224.289306640625,9733347,GOOG,2008-09-04,954.1099853515624,17.719999313354492,336.54998779296875,438,9,36
7974,221.9132080078125,225.3852081298828,219.21832275390625,221.2955322265625,221.2955322265625,9102591,GOOG,2008-09-05,961.0,17.90999984741211,335.7300109863281,439,9,36
7975,225.166015625,225.62429809570312,207.9953765869141,209.1909027099609,209.1909027099609,18103403,GOOG,2008-09-08,960.9400024414062,17.860000610351562,337.5,440,9,37
7976,210.79489135742188,215.3826904296875,206.7251434326172,208.54830932617188,208.54830932617188,14513397,GOOG,2008-09-09,931.9199829101562,17.350000381469727,330.1300048828125,441,9,37
7977,211.4424591064453,211.44744873046875,204.0750732421875,206.3067169189453,206.3067169189453,12500279,GOOG,2008-09-10,939.3099975585938,17.559999465942386,332.57000732421875,442,9,37
7978,203.41256713867188,216.73263549804688,202.4312438964844,216.0651397705078,216.0651397705078,12991313,GOOG,2008-09-11,950.3699951171876,17.639999389648438,336.9599914550781,443,9,37
7979,214.3017425537109,220.1697540283203,213.69900512695312,218.0128326416016,218.0128326416016,12101189,GOOG,2008-09-12,948.030029296875,17.600000381469727,337.20001220703125,444,9,37
7980,211.20834350585938,220.1597900390625,211.0638885498047,216.11993408203125,216.11993408203125,13184032,GOOG,2008-09-15,912.4600219726562,17.010000228881836,324.989990234375,445,9,38
7981,212.18467712402344,223.80113220214844,211.9505615234375,220.63800048828125,220.63800048828125,14033806,GOOG,2008-09-16,918.8400268554688,16.989999771118164,326.7799987792969,446,9,38
7982,218.4213104248047,218.7500762939453,205.94805908203125,206.4710998535156,206.4710998535156,18322220,GOOG,2008-09-17,885.25,16.530000686645508,310.760009765625,447,9,38
7983,210.5308837890625,218.76998901367188,204.48355102539062,218.72018432617188,218.72018432617188,17243190,GOOG,2008-09-18,926.77001953125,17.129999160766598,323.1400146484375,448,9,38
7984,229.6392517089844,230.17225646972656,220.81234741210938,223.7363739013672,223.7363739013672,20087010,GOOG,2008-09-19,956.0599975585938,17.549999237060547,332.6199951171875,449,9,38
7985,226.2170867919922,226.2170867919922,213.69900512695312,214.26687622070312,214.26687622070312,8847639,GOOG,2008-09-22,911.4099731445312,16.940000534057614,320.6300048828125,450,9,39
7986,215.81607055664062,219.57199096679688,212.06512451171875,213.83349609375,213.83349609375,10447413,GOOG,2008-09-23,900.2999877929688,16.760000228881836,317.95001220703125,451,9,39
7987,214.3665008544922,221.66912841796875,214.2519378662109,216.7425994873047,216.7425994873047,8515800,GOOG,2008-09-24,908.1599731445312,16.850000381469727,320.2699890136719,452,9,39
7988,218.6006317138672,224.1597900390625,217.17596435546875,218.97921752929688,218.97921752929688,10078235,GOOG,2008-09-25,919.8499755859376,17.100000381469727,326.6099853515625,453,9,39
7989,213.20086669921875,217.7637634277344,209.7288818359375,214.71519470214844,214.71519470214844,10624675,GOOG,2008-09-26,910.52001953125,16.90999984741211,327.32000732421875,454,9,39
7990,208.9717254638672,210.96424865722656,189.6441650390625,189.7886199951172,189.7886199951172,21606484,GOOG,2008-09-29,820.4400024414062,15.640000343322756,297.1499938964844,455,9,40
7991,197.2506561279297,211.74632263183597,195.427490234375,199.51217651367188,199.51217651367188,6195736,GOOG,2008-09-30,872.6300048828125,16.030000686645508,310.4700012207031,456,9,40
7992,204.8073272705078,207.71144104003903,200.79736328125,205.0912628173828,205.0912628173828,12516339,GOOG,2008-10-01,858.3599853515625,16.030000686645508,306.3800048828125,457,10,40
7993,204.1298675537109,204.2245178222656,192.279296875,194.51589965820312,194.51589965820312,12014666,GOOG,2008-10-02,814.719970703125,15.1899995803833,292.95001220703125,458,10,40
7994,197.93310546875,205.4798126220703,190.81976318359372,192.7325897216797,192.7325897216797,16045719,GOOG,2008-10-03,794.010009765625,14.960000038146973,290.6199951171875,459,10,40
7995,186.29173278808597,187.29298400878903,177.9131317138672,184.9119110107422,184.9119110107422,22525315,GOOG,2008-10-06,764.5,14.039999961853027,278.95001220703125,460,10,41
7996,185.9679412841797,186.7898712158203,172.04014587402344,172.3589630126953,172.3589630126953,22191669,GOOG,2008-10-07,713.8599853515625,13.289999961853027,262.04998779296875,461,10,41
7997,164.4635467529297,178.82472229003906,162.44610595703125,168.4237060546875,168.4237060546875,23741457,GOOG,2008-10-08,713.489990234375,13.670000076293945,259.92001342773443,462,10,41
7998,171.6167449951172,173.63417053222656,160.23440551757812,163.87574768066406,163.87574768066406,16210534,GOOG,2008-10-09,689.4500122070312,12.75,251.00999450683597,463,10,41
7999,155.9952850341797,170.30665588378906,154.5706329345703,165.38011169433594,165.38011169433594,21275046,GOOG,2008-10-10,683.719970703125,12.449999809265135,249.0200042724609,464,10,41
8000,177.23069763183594,190.2618560791016,172.2294464111328,189.798583984375,189.798583984375,17877760,GOOG,2008-10-13,769.4099731445312,14.18000030517578,279.260009765625,465,10,42
8001,196.0302276611328,196.51341247558597,177.83343505859375,180.6777801513672,180.6777801513672,15627959,GOOG,2008-10-14,735.4500122070312,13.760000228881836,268.3599853515625,466,10,42
8002,176.66282653808594,178.82969665527344,168.78236389160156,168.95172119140625,168.95172119140625,13493187,GOOG,2008-10-15,669.1300048828125,12.449999809265135,247.75999450683597,467,10,42
8003,165.75869750976562,177.58436584472656,154.14224243164062,175.85086059570312,175.85086059570312,32601141,GOOG,2008-10-16,704.1300048828125,12.489999771118164,259.67999267578125,468,10,42
8004,188.77243041992188,192.279296875,181.09620666503903,185.5744171142578,185.5744171142578,28605219,GOOG,2008-10-17,702.0800170898438,13.050000190734865,259.02999877929693,469,10,42
8005,189.16595458984372,189.77865600585938,179.12359619140625,188.95176696777344,188.95176696777344,13557427,GOOG,2008-10-20,726.7999877929688,13.34000015258789,267.54000854492193,470,10,43
8006,185.49969482421875,191.1734313964844,180.3240966796875,180.6977081298828,180.6977081298828,11607345,GOOG,2008-10-21,687.0399780273438,12.890000343322756,252.6999969482422,471,10,43
8007,177.82846069335938,184.1547393798828,171.3577117919922,177.17091369628906,177.17091369628906,13169177,GOOG,2008-10-22,656.3499755859375,12.1899995803833,241.25999450683597,472,10,43
8008,176.16468811035156,178.33157348632812,168.3639373779297,175.50218200683594,175.50218200683594,13006369,GOOG,2008-10-23,644.7899780273438,11.90999984741211,241.5200042724609,473,10,43
8009,162.6254425048828,174.58062744140625,161.763671875,169.01150512695312,169.01150512695312,14773167,GOOG,2008-10-24,627.3300170898438,11.779999732971193,235.1999969482422,474,10,43
8010,166.7798614501953,170.8595733642578,162.1920623779297,164.1298065185547,164.1298065185547,12447883,GOOG,2008-10-27,627.3300170898438,11.609999656677244,229.3699951171875,475,10,44
8011,168.89195251464844,183.9654541015625,163.64163208007812,183.68649291992188,183.68649291992188,16271562,GOOG,2008-10-28,682.7999877929688,12.039999961853027,254.8999938964844,476,10,44
8012,182.21202087402344,184.8072967529297,175.52708435058594,178.33157348632812,178.33157348632812,19586340,GOOG,2008-10-29,678.5999755859375,12.56999969482422,251.50999450683597,477,10,44
8013,183.5420379638672,185.3054351806641,178.51588439941406,179.1734161376953,179.1734161376953,16037689,GOOG,2008-10-30,692.6699829101562,12.800000190734865,257.17999267578125,478,10,44
8014,177.41500854492188,185.28550720214844,176.47354125976562,179.009033203125,179.009033203125,14902249,GOOG,2008-10-31,692.989990234375,12.899999618530273,257.42001342773443,479,10,44
8015,178.1223602294922,180.81724548339844,170.0775146484375,172.59805297851562,172.59805297851562,11953638,GOOG,2008-11-03,692.2100219726562,12.789999961853027,255.82000732421875,480,11,45
8016,176.06008911132812,185.48475646972656,172.1049041748047,182.78488159179688,182.78488159179688,14754898,GOOG,2008-11-04,723.5499877929688,13.359999656677244,265.02999877929693,481,11,45
8017,180.39881896972656,183.75125122070312,170.01773071289062,170.48098754882812,170.48098754882812,13945074,GOOG,2008-11-05,687.02001953125,13.010000228881836,250.4499969482422,482,11,45
8018,169.35023498535156,171.56692504882812,162.2966766357422,164.9915771484375,164.9915771484375,17213881,GOOG,2008-11-06,647.489990234375,12.079999923706055,236.8300018310547,483,11,45
8019,165.93801879882812,169.9380340576172,162.0575714111328,164.95172119140625,164.95172119140625,9397693,GOOG,2008-11-07,663.4099731445312,12.279999732971193,242.91000366210938,484,11,45
8020,163.38758850097656,164.10488891601562,154.1571807861328,158.7947998046875,158.7947998046875,16220772,GOOG,2008-11-10,646.72998046875,11.90999984741211,238.1999969482422,485,11,46
8021,153.7686309814453,157.55943298339844,149.6988983154297,155.14846801757812,155.14846801757812,20369264,GOOG,2008-11-11,630.4000244140625,11.6899995803833,233.30999755859372,486,11,46
8022,150.46102905273438,155.6615447998047,143.34271240234375,144.9566650390625,144.9566650390625,20177548,GOOG,2008-11-12,596.3800048828125,11.130000114440918,221.42999267578125,487,11,46
8023,145.34022521972656,155.91558837890625,139.47720336914062,155.45730590820312,155.45730590820312,26568614,GOOG,2008-11-13,636.7899780273438,11.670000076293945,234.8800048828125,488,11,46
8024,151.0587921142578,161.88819885253906,150.715087890625,154.43115234375,154.43115234375,19105545,GOOG,2008-11-14,606.8400268554688,11.4399995803833,223.4600067138672,489,11,46
8025,150.93426513671875,154.5009002685547,148.41868591308594,149.4996337890625,149.4996337890625,15144152,GOOG,2008-11-17,588.010009765625,10.979999542236328,216.9600067138672,490,11,47
8026,150.221923828125,151.2978973388672,142.1422119140625,148.15467834472656,148.15467834472656,16754766,GOOG,2008-11-18,587.6599731445312,10.859999656677246,221.1199951171875,491,11,47
8027,147.14346313476562,149.53451538085938,138.76985168457028,139.56686401367188,139.56686401367188,15727932,GOOG,2008-11-19,546.8599853515625,10.220000267028807,208.2400054931641,492,11,47
8028,136.93174743652344,140.94171142578125,129.03634643554688,129.29536437988278,129.29536437988278,19632111,GOOG,2008-11-20,525.9199829101561,9.920000076293944,198.50999450683597,493,11,47
8029,130.76486206054688,134.18205261230472,123.18826293945312,130.72500610351562,130.72500610351562,20565798,GOOG,2008-11-21,552.5800170898439,10.09000015258789,209.97999572753903,494,11,47
8030,134.12725830078122,134.47096252441406,124.04006958007812,128.23933410644528,128.23933410644528,20184775,GOOG,2008-11-24,589.0700073242188,10.859999656677246,222.69000244140625,495,11,48
8031,133.83834838867188,142.79476928710938,133.16087341308594,140.49838256835938,140.49838256835938,21623146,GOOG,2008-11-25,579.7000122070312,10.59000015258789,219.2899932861328,496,11,48
8032,139.61668395996094,147.1783447265625,137.58430480957028,145.4996337890625,145.4996337890625,12760852,GOOG,2008-11-26,612.760009765625,11.279999732971193,228.4900054931641,497,11,48
8033,144.74745178222656,147.67149353027344,143.60174560546875,145.93301391601562,145.93301391601562,5150232,GOOG,2008-11-28,610.1900024414062,11.300000190734865,227.97999572753903,499,11,48
8034,142.8047332763672,143.15342712402344,132.49337768554688,132.49836730957028,132.49836730957028,11465214,GOOG,2008-12-01,558.1799926757811,10.380000114440918,210.8500061035156,500,12,49
8035,134.36137390136722,138.37135314941406,130.79972839355472,137.04133605957028,137.04133605957028,11723177,GOOG,2008-12-02,577.1699829101562,10.510000228881836,218.0399932861328,501,12,49
8036,134.42115783691406,140.1546630859375,132.17457580566406,139.19326782226562,139.19326782226562,11853865,GOOG,2008-12-03,599.510009765625,11.0,223.92999267578125,502,12,49
8037,137.74868774414062,141.21568298339844,133.8831787109375,136.65777587890622,136.65777587890622,9809832,GOOG,2008-12-04,567.6300048828125,10.399999618530273,214.6300048828125,503,12,49
8038,135.00396728515622,141.58929443359375,131.51704406738278,141.46475219726562,141.46475219726562,13091286,GOOG,2008-12-05,597.1699829101562,11.020000457763672,223.02999877929688,504,12,49
8039,144.45355224609375,154.14224243164062,140.47346496582028,150.4909210205078,150.4909210205078,16349654,GOOG,2008-12-08,621.760009765625,11.529999732971193,234.58999633789062,505,12,50
8040,148.28916931152344,158.40625,147.950439453125,152.41371154785156,152.41371154785156,13831450,GOOG,2008-12-09,629.6599731445312,11.90999984741211,233.47000122070312,506,12,50
8041,154.0426025390625,156.86204528808594,151.6864471435547,153.83338928222656,153.83338928222656,10513259,GOOG,2008-12-10,639.4000244140625,11.90999984741211,235.1199951171875,507,12,50
8042,151.51707458496094,155.85581970214844,148.34396362304688,149.54945373535156,149.54945373535156,12404722,GOOG,2008-12-11,616.6199951171875,11.489999771118164,227.41000366210938,508,12,50
8043,147.30287170410156,157.64410400390625,146.45106506347656,157.29043579101562,157.29043579101562,11487096,GOOG,2008-12-12,635.5599975585938,11.6899995803833,232.92999267578125,509,12,50
8044,156.418701171875,158.6503448486328,151.98532104492188,154.75494384765625,154.75494384765625,13526311,GOOG,2008-12-15,622.1400146484375,11.59000015258789,228.94000244140625,510,12,51
8045,156.67274475097656,164.13478088378906,155.05381774902344,162.0326690673828,162.0326690673828,14172122,GOOG,2008-12-16,657.4199829101562,12.130000114440918,239.97999572753903,511,12,51
8046,158.72506713867188,160.4635467529297,155.62667846679688,157.03140258789062,157.03140258789062,11622802,GOOG,2008-12-17,654.5399780273438,12.25,235.8300018310547,512,12,51
8047,157.75868225097656,159.57687377929688,153.9778594970703,154.5606689453125,154.5606689453125,9562710,GOOG,2008-12-18,630.6900024414062,11.579999923706055,230.00999450683597,513,12,51
8048,154.91433715820312,158.30165100097656,153.92306518554688,154.50587463378906,154.50587463378906,11267275,GOOG,2008-12-19,640.75,11.90999984741211,232.0500030517578,514,12,51
8049,153.70387268066406,154.172119140625,144.77235412597656,148.00025939941406,148.00025939941406,7864568,GOOG,2008-12-22,622.5900268554688,11.390000343322756,227.0800018310547,515,12,52
8050,149.654052734375,151.08868408203125,147.7810821533203,148.4535675048828,148.4535675048828,7583719,GOOG,2008-12-23,616.0900268554688,11.390000343322756,225.0,516,12,52
8051,150.17709350585938,152.5980224609375,148.6328887939453,150.9093475341797,150.9093475341797,3857405,GOOG,2008-12-24,616.260009765625,11.399999618530273,225.47999572753903,517,12,52
8052,151.46726989746094,152.06004333496094,148.5980224609375,149.6191864013672,149.6191864013672,3932886,GOOG,2008-12-26,613.719970703125,11.390000343322756,225.91000366210938,519,12,52
8053,149.54945373535156,150.12728881835938,145.24559020996094,148.15467834472656,148.15467834472656,7431551,GOOG,2008-12-29,609.2899780273438,11.279999732971193,224.69000244140625,520,12,1
8054,149.83836364746094,152.8321533203125,148.79727172851562,150.9890594482422,150.9890594482422,7715813,GOOG,2008-12-30,627.3800048828125,11.579999923706055,229.8600006103516,521,12,1
8055,151.5320281982422,154.91932678222656,150.739990234375,153.25057983398438,153.25057983398438,5795241,GOOG,2008-12-31,633.5,11.8100004196167,231.80999755859372,522,12,1
8056,153.7238006591797,160.3091278076172,152.17959594726562,160.06005859375,160.06005859375,7248066,GOOG,2009-01-02,664.1900024414062,12.229999542236328,241.7400054931641,524,1,1
8057,159.90065002441406,165.0015411376953,156.91184997558594,163.41249084472656,163.41249084472656,9814650,GOOG,2009-01-05,665.9500122070312,12.399999618530273,241.94000244140625,525,1,2
8058,165.8682861328125,169.76368713378906,162.58558654785156,166.40626525878906,166.40626525878906,12898566,GOOG,2009-01-06,687.1300048828125,12.770000457763672,249.2700042724609,526,1,2
8059,163.54698181152344,164.83714294433594,158.7798614501953,160.4037628173828,160.4037628173828,9022693,GOOG,2009-01-07,662.739990234375,12.390000343322756,240.1000061035156,527,1,2
8060,158.5457305908203,161.98782348632812,158.07748413085938,161.98782348632812,161.98782348632812,7228393,GOOG,2009-01-08,665.0999755859375,12.31999969482422,242.17999267578125,528,1,2
8061,163.13851928710938,163.13851928710938,156.11483764648438,156.9467315673828,156.9467315673828,8713539,GOOG,2009-01-09,649.27001953125,12.050000190734865,236.1300048828125,529,1,2
8062,157.5644073486328,158.87948608398438,154.5357666015625,155.76116943359375,155.76116943359375,6633371,GOOG,2009-01-12,630.1300048828125,11.640000343322756,232.7899932861328,530,1,3
8063,155.30288696289062,159.70140075683594,154.61546325683594,156.5731201171875,156.5731201171875,8898228,GOOG,2009-01-13,630.0599975585938,11.649999618530273,232.3000030517578,531,1,3
8064,154.4211883544922,156.31410217285156,148.31906127929688,149.9230499267578,149.9230499267578,10976790,GOOG,2009-01-14,608.5,11.3100004196167,224.1199951171875,532,1,3
8065,148.22940063476562,151.22317504882812,142.85952758789062,148.93675231933594,148.93675231933594,11913488,GOOG,2009-01-15,617.02001953125,11.40999984741211,226.2700042724609,533,1,3
8066,151.94049072265625,153.54945373535156,147.2978973388672,149.27548217773438,149.27548217773438,10487965,GOOG,2009-01-16,627.7100219726562,11.619999885559082,228.6100006103516,534,1,3
8067,149.011474609375,149.1907958984375,140.84707641601562,140.84707641601562,140.84707641601562,10134244,GOOG,2009-01-20,588.3800048828125,11.029999732971193,216.3800048828125,536,1,4
8068,143.63661193847656,151.18333435058594,143.63661193847656,150.97410583496094,150.97410583496094,9885916,GOOG,2009-01-21,614.4000244140625,11.329999923706055,228.1499938964844,537,1,4
8069,148.46351623535156,154.097412109375,147.02391052246094,152.67771911621094,152.67771911621094,16595973,GOOG,2009-01-22,597.760009765625,10.970000267028807,222.83999633789062,538,1,4
8070,154.05755615234375,165.3601837158203,151.54197692871094,161.74374389648438,161.74374389648438,21546058,GOOG,2009-01-23,612.6900024414062,11.100000381469727,226.4600067138672,539,1,4
8071,161.81846618652344,163.38758850097656,159.6814727783203,161.33029174804688,161.33029174804688,9255964,GOOG,2009-01-26,618.1599731445312,11.369999885559082,228.77999877929688,540,1,5
8072,162.615478515625,166.31163024902344,161.529541015625,165.12107849121094,165.12107849121094,9891537,GOOG,2009-01-27,632.72998046875,11.770000457763672,231.44000244140625,541,1,5
8073,168.35894775390625,175.5071563720703,167.52706909179688,173.68399047851562,173.68399047851562,15440459,GOOG,2009-01-28,658.1199951171875,12.199999809265135,239.1100006103516,542,1,5
8074,171.62669372558594,171.88075256347656,169.4199676513672,171.01898193359375,171.01898193359375,14622203,GOOG,2009-01-29,634.3900146484375,11.890000343322756,231.3600006103516,543,1,5
8075,171.701416015625,173.74874877929688,167.37265014648438,168.63291931152344,168.63291931152344,9379024,GOOG,2009-01-30,617.8099975585938,11.479999542236328,224.67999267578125,544,1,5
8076,166.52084350585938,171.8558349609375,165.38011169433594,169.64910888671875,169.64910888671875,10452833,GOOG,2009-02-02,625.1599731445312,11.5,228.00999450683597,545,2,6
8077,170.6453857421875,170.8595733642578,166.2917022705078,169.58934020996094,169.58934020996094,13162151,GOOG,2009-02-03,634.77001953125,11.710000038146973,232.16000366210938,546,2,6
8078,169.40003967285156,176.55821228027344,168.95172119140625,170.8595733642578,170.8595733642578,13685907,GOOG,2009-02-04,638.739990234375,12.010000228881836,233.17999267578125,547,2,6
8079,169.8184814453125,177.02645874023438,167.8707733154297,176.19955444335938,176.19955444335938,14583258,GOOG,2009-02-05,659.72998046875,12.239999771118164,238.2100067138672,548,2,6
8080,177.56443786621094,186.20704650878903,177.0563507080078,184.94677734375,184.94677734375,14128961,GOOG,2009-02-06,680.8800048828125,12.649999618530273,246.3600006103516,549,2,6
8081,184.94677734375,189.7886199951172,182.96420288085938,188.67779541015625,188.67779541015625,9991912,GOOG,2009-02-09,682.280029296875,12.619999885559082,247.1000061035156,550,2,7
8082,187.2879943847656,188.045166015625,178.2767791748047,178.5856170654297,178.5856170654297,14260653,GOOG,2009-02-10,648.6500244140625,12.390000343322756,236.3000030517578,551,2,7
8083,178.80479431152344,181.8184967041016,175.84091186523438,178.35150146484375,178.35150146484375,10502419,GOOG,2009-02-11,645.4400024414062,12.029999732971193,237.57000732421875,552,2,7
8084,175.9206085205078,181.13107299804688,175.083740234375,180.84713745117188,180.84713745117188,11142208,GOOG,2009-02-12,655.8300170898438,12.140000343322756,238.9600067138672,553,2,7
8085,180.4187469482422,180.81724548339844,176.9517364501953,178.1721649169922,178.1721649169922,8324486,GOOG,2009-02-13,654.5,12.18000030517578,238.47999572753903,554,2,7
8086,172.60801696777344,172.89694213867188,169.21075439453125,170.69021606445312,170.69021606445312,11403383,GOOG,2009-02-17,622.1799926757812,11.59000015258789,227.66000366210938,556,2,8
8087,172.97166442871094,176.0301971435547,169.62420654296875,175.8957061767578,175.8957061767578,12094163,GOOG,2009-02-18,623.9400024414062,11.770000457763672,228.6100006103516,557,2,8
8088,178.06756591796875,179.22821044921875,170.0675506591797,170.6802520751953,170.6802520751953,10014798,GOOG,2009-02-19,604.8699951171875,11.3100004196167,221.08999633789062,558,2,8
8089,168.39381408691406,173.8085174560547,166.87451171875,172.57814025878906,172.57814025878906,12480806,GOOG,2009-02-20,608.4600219726562,11.270000457763672,221.44000244140625,559,2,8
8090,172.85211181640625,174.24688720703125,164.15968322753906,164.4137420654297,164.4137420654297,10481340,GOOG,2009-02-23,582.6799926757812,10.960000038146973,211.6100006103516,560,2,9
8091,164.89195251464844,174.15721130371094,164.8271942138672,172.0800018310547,172.0800018310547,12237498,GOOG,2009-02-24,609.6699829101562,11.399999618530273,218.8999938964844,561,2,9
8092,170.4361572265625,175.49221801757812,168.8271942138672,170.18211364746094,170.18211364746094,12926471,GOOG,2009-02-25,614.4600219726562,11.350000381469727,218.57000732421875,562,2,9
8093,172.33404541015625,175.58685302734375,167.9504852294922,167.96044921875,167.96044921875,11253222,GOOG,2009-02-26,603.5700073242188,11.359999656677244,215.72999572753903,563,2,9
8094,165.8533477783203,171.26805114746094,164.93678283691406,168.3639373779297,168.3639373779297,10880631,GOOG,2009-02-27,603.5499877929688,11.289999961853027,215.00999450683597,564,2,9
8095,166.04263305664062,169.7138671875,162.3913116455078,162.96914672851562,162.96914672851562,11620393,GOOG,2009-03-02,576.3499755859375,10.829999923706056,208.08999633789062,565,3,10
8096,164.41871643066406,166.22195434570312,160.57313537597656,162.13229370117188,162.13229370117188,13098513,GOOG,2009-03-03,583.6099853515625,10.779999732971193,208.6300048828125,566,3,10
8097,160.97662353515625,163.88571166992188,157.1011505126953,158.86453247070312,158.86453247070312,15695411,GOOG,2009-03-04,603.8900146484375,11.300000190734865,214.22000122070312,567,3,10
8098,157.6490936279297,158.94424438476562,150.7549285888672,152.24932861328125,152.24932861328125,13108751,GOOG,2009-03-05,585.1199951171875,10.920000076293944,206.6499938964844,568,3,10
8099,153.036376953125,154.51583862304688,146.57559204101562,153.7088623046875,153.7088623046875,14522631,GOOG,2009-03-06,582.3900146484375,10.90999984741211,204.7100067138672,569,3,10
8100,149.42990112304688,152.7126007080078,144.18455505371094,144.90187072753906,144.90187072753906,12991112,GOOG,2009-03-09,568.1699829101562,10.539999961853027,199.6199951171875,570,3,11
8101,148.56813049316406,154.67025756835938,146.57559204101562,153.50961303710938,153.50961303710938,13510853,GOOG,2009-03-10,610.52001953125,11.270000457763672,214.42999267578125,571,3,11
8102,154.47100830078125,159.40252685546875,152.28419494628906,158.36141967773438,158.36141967773438,11891606,GOOG,2009-03-11,623.260009765625,11.609999656677244,218.9600067138672,572,3,11
8103,158.17710876464844,161.8931884765625,156.2393798828125,161.1609344482422,161.1609344482422,10085863,GOOG,2009-03-12,643.3800048828125,11.9399995803833,224.9499969482422,573,3,11
8104,162.44113159179688,163.11859130859375,158.91932678222656,161.60426330566406,161.60426330566406,7842084,GOOG,2009-03-13,646.72998046875,12.029999732971193,224.6999969482422,574,3,11
8105,162.38633728027344,164.24935913085938,158.7001495361328,159.2480926513672,159.2480926513672,9930684,GOOG,2009-03-16,630.6799926757812,11.75,220.83999633789062,575,3,12
8106,159.4921875,167.04388427734375,158.94921875,167.04388427734375,167.04388427734375,9460327,GOOG,2009-03-17,656.969970703125,12.140000343322756,229.42999267578125,576,3,12
8107,166.7798614501953,169.36517333984375,163.41249084472656,165.9280548095703,165.9280548095703,10061974,GOOG,2009-03-18,687.22998046875,12.779999732971193,232.6199951171875,577,3,12
8108,165.22071838378906,167.37265014648438,163.0787353515625,164.3539581298828,164.3539581298828,8253220,GOOG,2009-03-19,686.4000244140625,12.770000457763672,233.6199951171875,578,3,12
8109,164.53329467773438,165.87326049804688,162.56068420410156,164.4635467529297,164.4635467529297,9511318,GOOG,2009-03-20,666.75,12.4399995803833,229.7899932861328,579,3,12
8110,166.15719604492188,174.07254028320312,165.8931884765625,173.6491241455078,173.6491241455078,8575021,GOOG,2009-03-23,709.3800048828125,13.119999885559082,244.4499969482422,580,3,13
8111,172.60304260253906,176.25933837890625,171.3577117919922,172.93678283691406,172.93678283691406,7668637,GOOG,2009-03-24,695.030029296875,13.010000228881836,240.1300048828125,581,3,13
8112,174.54576110839844,175.01400756835938,167.49717712402344,171.392578125,171.392578125,8705107,GOOG,2009-03-25,698.0800170898438,13.010000228881836,240.4600067138672,582,3,13
8113,175.90565490722656,178.90940856933594,173.59930419921875,175.98536682128906,175.98536682128906,12051604,GOOG,2009-03-26,728.760009765625,13.529999732971193,250.0800018310547,583,3,13
8114,174.3465118408203,175.3427734375,172.0899658203125,173.2008056640625,173.2008056640625,6670509,GOOG,2009-03-27,704.9199829101562,13.130000114440918,243.25999450683597,584,3,13
8115,170.6354217529297,171.2630615234375,167.39755249023438,170.7051544189453,170.7051544189453,6211395,GOOG,2009-03-30,682.2999877929688,12.710000038146973,236.25,585,3,14
8116,173.81350708007812,176.09495544433594,172.44363403320312,173.380126953125,173.380126953125,7338002,GOOG,2009-03-31,692.7100219726562,13.039999961853027,240.9900054931641,586,3,14
8117,171.2481231689453,176.95672607421875,169.66903686523438,176.3838653564453,176.3838653564453,6627147,GOOG,2009-04-01,707.7000122070312,13.18000030517578,246.4600067138672,587,4,14
8118,180.9766540527344,184.18960571289062,179.48724365234375,180.5731658935547,180.5731658935547,9009644,GOOG,2009-04-02,734.5399780273438,13.68000030517578,254.25999450683597,588,4,14
8119,181.5694274902344,185.16595458984372,178.33157348632812,184.19956970214844,184.19956970214844,7608010,GOOG,2009-04-03,751.4600219726562,13.90999984741211,257.66000366210943,589,4,14
8120,182.81475830078125,184.2194976806641,180.0252227783203,183.4324493408203,183.4324493408203,6585191,GOOG,2009-04-06,740.7899780273438,13.779999732971193,254.94000244140625,590,4,15
8121,180.62298583984372,181.1958312988281,176.99159240722656,178.6553497314453,178.6553497314453,7387788,GOOG,2009-04-07,717.4000244140625,13.350000381469727,248.07000732421875,591,4,15
8122,181.07130432128903,181.8184967041016,177.43991088867188,180.3240966796875,180.3240966796875,5551129,GOOG,2009-04-08,739.2000122070312,13.710000038146973,252.3699951171875,592,4,15
8123,184.0601043701172,186.47604370117188,182.441162109375,185.5544891357422,185.5544891357422,6790558,GOOG,2009-04-09,766.6500244140625,14.210000038146973,260.52999877929693,593,4,15
8124,184.9716796875,188.84217834472656,184.45860290527344,188.3490295410156,188.3490295410156,6123065,GOOG,2009-04-13,759.6099853515625,14.15999984741211,259.1300048828125,595,4,16
8125,187.7662048339844,187.7911071777344,182.1173858642578,183.7662048339844,183.7662048339844,6882902,GOOG,2009-04-14,755.6400146484375,14.09000015258789,256.82998657226557,596,4,16
8126,182.8645782470703,189.81851196289062,181.4000701904297,189.0414276123047,189.0414276123047,9898363,GOOG,2009-04-15,747.8099975585938,13.890000343322756,251.7899932861328,597,4,16
8127,190.0376892089844,195.7164001464844,189.798583984375,193.6441802978516,193.6441802978516,20446553,GOOG,2009-04-16,773.3900146484375,14.329999923706055,263.29998779296875,598,4,16
8128,192.28924560546875,199.1634826660156,191.6865081787109,195.38763427734372,195.38763427734372,21542043,GOOG,2009-04-17,776.3699951171875,14.460000038146973,262.67001342773443,599,4,16
8129,192.35400390625,194.5956115722656,187.2431640625,188.9418029785156,188.9418029785156,8891001,GOOG,2009-04-20,749.5999755859375,13.979999542236328,254.38999938964844,600,4,17
8130,187.3826446533203,191.43246459960938,187.3477783203125,190.0227508544922,190.0227508544922,7418503,GOOG,2009-04-21,759.9299926757812,14.109999656677244,259.51998901367193,601,4,17
8131,190.1622314453125,194.27182006835938,188.7973480224609,191.2132873535156,191.2132873535156,7029851,GOOG,2009-04-22,771.4600219726562,14.34000015258789,260.0599975585937,602,4,17
8132,193.03146362304688,194.1472930908203,189.84341430664062,191.62673950195312,191.62673950195312,5237558,GOOG,2009-04-23,767.280029296875,14.260000228881836,261.20001220703125,603,4,17
8133,192.30419921875,195.8558807373047,189.53956604003903,194.0177764892578,194.0177764892578,6796179,GOOG,2009-04-24,789.6799926757812,14.640000343322756,267.79998779296875,604,4,17
8134,191.452392578125,194.0177764892578,190.6603546142578,192.2543792724609,192.2543792724609,4598371,GOOG,2009-04-27,780.0900268554688,14.5,265.42999267578125,605,4,18
8135,191.1584930419922,193.7985992431641,190.0576171875,191.13856506347656,191.13856506347656,5909267,GOOG,2009-04-28,772.1400146484375,14.359999656677244,263.91000366210943,606,4,18
8136,192.26434326171875,196.7475433349609,192.19461059570312,195.0040740966797,195.0040740966797,7247062,GOOG,2009-04-29,786.969970703125,14.609999656677244,269.1099853515625,607,4,18
8137,197.1410675048828,201.12115478515625,196.6628570556641,197.2456817626953,197.2456817626953,8744052,GOOG,2009-04-30,805.8599853515625,14.989999771118164,270.010009765625,608,4,18
8138,196.7774353027344,198.0526428222656,195.0439300537109,196.1099395751953,196.1099395751953,4873599,GOOG,2009-05-01,812.7899780273438,15.0600004196167,271.57000732421875,609,5,18
8139,198.3415679931641,200.44866943359372,196.6578826904297,200.2394561767578,200.2394561767578,6430011,GOOG,2009-05-04,837.2100219726562,15.539999961853027,276.82998657226557,610,5,19
8140,199.2431945800781,201.7438201904297,197.8832855224609,200.74256896972656,200.74256896972656,4819598,GOOG,2009-05-05,829.8900146484375,15.40999984741211,275.6199951171875,611,5,19
8141,202.63546752929688,203.377685546875,199.75128173828125,200.98167419433597,200.98167419433597,5285538,GOOG,2009-05-06,831.1199951171875,15.420000076293945,275.67999267578125,612,5,19
8142,201.2955017089844,201.73883056640625,195.51715087890625,197.5644836425781,197.5644836425781,6022088,GOOG,2009-05-07,794.3300170898438,14.800000190734865,266.95001220703125,613,5,19
8143,200.6728363037109,204.2992401123047,196.76248168945312,202.9044647216797,202.9044647216797,7759175,GOOG,2009-05-08,790.9299926757812,14.739999771118164,266.85000610351557,614,5,19
8144,200.64791870117188,205.23074340820312,199.8509063720703,203.22825622558597,203.22825622558597,5137786,GOOG,2009-05-11,790.8800048828125,14.770000457763672,269.07000732421875,615,5,20
8145,204.2394561767578,204.7276306152344,196.81727600097656,198.75999450683597,198.75999450683597,7610018,GOOG,2009-05-12,781.3200073242188,14.550000190734865,265.3099975585937,616,5,20
8146,196.30918884277344,197.45489501953125,193.4499053955078,194.0426788330078,194.0426788330078,5706911,GOOG,2009-05-13,758.719970703125,14.140000343322756,258.739990234375,617,5,20
8147,193.67405700683597,195.3726959228516,191.62673950195312,193.0264892578125,193.0264892578125,5896017,GOOG,2009-05-14,773.8099975585938,14.34000015258789,262.3900146484375,618,5,20
8148,194.81976318359372,196.31915283203125,193.8185272216797,194.27182006835938,194.27182006835938,6039955,GOOG,2009-05-15,773.3699951171875,14.399999618530273,262.14999389648443,619,5,20
8149,196.62799072265625,197.9131774902344,191.98040771484372,197.67904663085938,197.67904663085938,6728526,GOOG,2009-05-18,796.7999877929688,14.81999969482422,269.17001342773443,620,5,21
8150,197.3104248046875,200.0700836181641,195.76622009277344,198.6952362060547,198.6952362060547,5696271,GOOG,2009-05-19,805.3099975585938,15.0,270.760009765625,621,5,21
8151,200.29425048828125,202.0775604248047,196.76248168945312,197.84841918945312,197.84841918945312,4585122,GOOG,2009-05-20,801.6300048828125,14.90999984741211,268.79000854492193,622,5,21
8152,197.4100646972656,200.6678466796875,196.1846466064453,197.5096893310547,197.5096893310547,5459989,GOOG,2009-05-21,792.1599731445312,14.75,264.3599853515625,623,5,21
8153,197.5893859863281,198.58067321777344,195.26808166503903,196.01528930664062,196.01528930664062,3450083,GOOG,2009-05-22,794.5,14.899999618530273,263.14999389648443,624,5,21
8154,195.24317932128903,201.7438201904297,194.27182006835938,201.4250030517578,201.4250030517578,6232273,GOOG,2009-05-26,824.5900268554688,15.34000015258789,271.72000122070307,626,5,22
8155,202.0626220703125,205.1610107421875,201.649169921875,202.02276611328125,202.02276611328125,6091347,GOOG,2009-05-27,818.5999755859375,15.229999542236328,269.8800048828125,627,5,22
8156,203.5769500732422,205.0414581298828,201.54954528808597,204.4337310791016,204.4337310791016,5357607,GOOG,2009-05-28,831.3699951171875,15.5,273.41000366210943,628,5,22
8157,205.28553771972656,207.8359832763672,204.5831756591797,207.8359832763672,207.8359832763672,5316252,GOOG,2009-05-29,839.22998046875,15.619999885559082,273.16000366210943,629,5,22
8158,208.5831756591797,213.9978790283203,208.48355102539062,212.4835662841797,212.4835662841797,6669706,GOOG,2009-06-01,872.510009765625,16.25,285.6400146484375,630,6,23
8159,212.3291320800781,214.17721557617188,210.90945434570312,213.40013122558597,213.40013122558597,5266868,GOOG,2009-06-02,858.760009765625,15.979999542236328,284.2699890136719,631,6,23
8160,212.20460510253903,215.42254638671875,211.20834350585938,215.01905822753903,215.01905822753903,7092084,GOOG,2009-06-03,848.469970703125,15.710000038146973,282.9700012207031,632,6,23
8161,216.8372344970703,219.796142578125,216.4387359619141,219.3179473876953,219.3179473876953,7303473,GOOG,2009-06-04,863.030029296875,16.059999465942386,287.17999267578125,633,6,23
8162,221.70399475097656,222.8347625732422,218.9094696044922,221.3303985595703,221.3303985595703,7389193,GOOG,2009-06-05,860.9000244140625,16.049999237060547,286.8599853515625,634,6,23
8163,218.9293975830078,219.6367492675781,216.24945068359372,218.56576538085938,218.56576538085938,6220629,GOOG,2009-06-08,855.0599975585938,15.949999809265135,287.54998779296875,635,6,24
8164,218.4711151123047,219.4275360107422,215.0738525390625,216.99664306640625,216.99664306640625,6534200,GOOG,2009-06-09,875.3900146484375,16.290000915527347,290.19000244140625,636,6,24
8165,217.30050659179688,218.12741088867188,212.53836059570312,215.4922790527344,215.4922790527344,6742980,GOOG,2009-06-10,874.5,16.299999237060547,290.1600036621094,637,6,24
8166,215.07882690429688,216.05517578125,213.3851776123047,213.69900512695312,213.69900512695312,5751879,GOOG,2009-06-11,876.1799926757812,16.309999465942386,292.8699951171875,638,6,24
8167,212.63299560546875,213.0514373779297,209.81854248046875,211.62677001953125,211.62677001953125,5858678,GOOG,2009-06-12,871.9199829101562,16.15999984741211,290.6400146484375,639,6,24
8168,209.9630126953125,209.9630126953125,206.2270050048828,207.6068420410156,207.6068420410156,7501814,GOOG,2009-06-15,853.8599853515625,15.850000381469727,285.9800109863281,640,6,25
8169,208.8721008300781,209.7587738037109,206.93435668945312,207.2232818603516,207.2232818603516,6122262,GOOG,2009-06-16,840.0900268554688,15.670000076293945,283.04998779296875,641,6,25
8170,207.3179168701172,209.07632446289062,205.01156616210938,206.80484008789062,206.80484008789062,7006364,GOOG,2009-06-17,844.5900268554688,15.729999542236328,284.8599853515625,642,6,25
8171,207.0638732910156,208.5632476806641,205.7288818359375,206.25689697265625,206.25689697265625,6193528,GOOG,2009-06-18,835.4099731445312,15.56999969482422,283.55999755859375,643,6,25
8172,208.3241424560547,209.4449462890625,206.51593017578125,209.26063537597656,209.26063537597656,8550128,GOOG,2009-06-19,846.030029296875,15.68000030517578,286.95001220703125,644,6,25
8173,207.69650268554688,207.9654998779297,200.1946258544922,202.9144287109375,202.9144287109375,8279719,GOOG,2009-06-22,815.8900146484375,15.199999809265135,278.98001098632807,645,6,26
8174,202.56573486328125,203.7313690185547,200.5233917236328,202.0825500488281,202.0825500488281,5820937,GOOG,2009-06-23,816.4299926757812,15.170000076293945,278.57000732421875,646,6,26
8175,203.60682678222656,205.34532165527344,202.5209045410156,203.88079833984372,203.88079833984372,4934025,GOOG,2009-06-24,832.8499755859375,15.510000228881836,282.3800048828125,647,6,26
8176,202.74008178710938,207.1734619140625,202.4960021972656,207.10870361328125,207.10870361328125,6111823,GOOG,2009-06-25,846.5700073242188,15.699999809265135,287.75,648,6,26
8177,206.06761169433597,213.31544494628903,205.7836761474609,211.86587524414062,211.86587524414062,6537814,GOOG,2009-06-26,849.22998046875,15.8100004196167,287.510009765625,649,6,26
8178,212.20460510253903,213.1012420654297,210.3316192626953,211.278076171875,211.278076171875,4354862,GOOG,2009-06-29,851.1300048828125,15.789999961853027,289.0,650,6,27
8179,211.20834350585938,212.80734252929688,208.3291320800781,210.0078430175781,210.0078430175781,5207245,GOOG,2009-06-30,848.27001953125,15.760000228881836,287.6300048828125,651,6,27
8180,211.30796813964844,212.4038543701172,208.2942657470703,208.7126922607422,208.7126922607422,4638923,GOOG,2009-07-01,854.260009765625,15.90999984741211,289.3299865722656,652,7,27
8181,206.92938232421875,206.92938232421875,202.6454315185547,203.4822998046875,203.4822998046875,5054073,GOOG,2009-07-02,839.25,15.609999656677244,282.5,653,7,27
8182,202.4910125732422,204.55328369140625,200.08004760742188,204.0402069091797,204.0402069091797,4542162,GOOG,2009-07-06,835.0900268554688,15.5,281.4800109863281,655,7,28
8183,203.35775756835938,203.83099365234372,197.2506561279297,197.57444763183597,197.57444763183597,6543033,GOOG,2009-07-07,812.8800048828125,15.130000114440918,274.42001342773443,656,7,28
8184,199.25314331054688,202.241943359375,198.28677368164062,200.49349975585938,200.49349975585938,6908197,GOOG,2009-07-08,809.1900024414062,15.010000228881836,274.83999633789057,657,7,28
8185,202.30172729492188,206.451171875,202.14231872558597,204.4287567138672,204.4287567138672,6575756,GOOG,2009-07-09,820.3900146484375,15.279999732971193,276.42999267578125,658,7,28
8186,204.0252685546875,207.9057159423828,203.5868988037109,206.42626953125,206.42626953125,5875139,GOOG,2009-07-10,826.739990234375,15.359999656677244,277.48001098632807,659,7,28
8187,207.30795288085938,211.4673614501953,206.81480407714844,211.35777282714844,211.35777282714844,8121729,GOOG,2009-07-13,842.6599731445312,15.56999969482422,281.95001220703125,660,7,29
8188,211.0638885498047,212.5682373046875,209.6491851806641,211.5520477294922,211.5520477294922,5813308,GOOG,2009-07-14,849.0599975585938,15.75,284.05999755859375,661,7,29
8189,214.02777099609372,218.52093505859372,213.4449615478516,218.26687622070312,218.26687622070312,7582314,GOOG,2009-07-15,884.530029296875,16.450000762939453,296.07000732421875,662,7,29
8190,217.524658203125,222.042724609375,216.23948669433597,220.4736175537109,220.4736175537109,13158136,GOOG,2009-07-16,897.5499877929688,16.719999313354492,300.9800109863281,663,7,29
8191,215.6915283203125,216.92691040039062,212.5532989501953,214.32167053222656,214.32167053222656,13759582,GOOG,2009-07-17,904.27001953125,16.809999465942386,303.3599853515625,664,7,29
8192,214.13735961914062,215.6168212890625,212.3291320800781,214.2818145751953,214.2818145751953,6330640,GOOG,2009-07-20,916.219970703125,17.059999465942386,306.9700012207031,665,7,30
8193,214.66537475585938,215.1435852050781,212.06512451171875,213.15106201171875,213.15106201171875,5958651,GOOG,2009-07-21,921.2100219726562,17.15999984741211,308.55999755859375,666,7,30
8194,213.20086669921875,214.29676818847656,210.9592742919922,213.04644775390625,213.04644775390625,5192791,GOOG,2009-07-22,932.72998046875,17.370000839233402,310.04998779296875,667,7,30
8195,213.5395965576172,219.7812042236328,211.95553588867188,217.8534393310547,217.8534393310547,6982474,GOOG,2009-07-23,951.4600219726562,17.739999771118164,316.0,668,7,30
8196,217.0912933349609,224.4038848876953,216.68780517578125,222.5259246826172,222.5259246826172,7280989,GOOG,2009-07-24,951.5700073242188,17.729999542236328,313.9200134277344,669,7,30
8197,222.18719482421875,222.54086303710938,217.9879302978516,221.5695037841797,221.5695037841797,5027574,GOOG,2009-07-27,953.280029296875,17.760000228881836,313.1300048828125,670,7,31
8198,219.67660522460938,220.5782165527344,217.2357482910156,219.10374450683597,219.10374450683597,5083985,GOOG,2009-07-28,957.280029296875,17.84000015258789,312.7300109863281,671,7,31
8199,217.7986297607422,218.08258056640625,215.13861083984372,217.30548095703125,217.30548095703125,3988896,GOOG,2009-07-29,949.2100219726562,17.65999984741211,313.0799865722656,672,7,31
8200,220.4785919189453,224.8920440673828,220.4785919189453,221.9879302978516,221.9879302978516,6421178,GOOG,2009-07-30,943.5900268554688,17.549999237060547,314.57000732421875,673,7,31
8201,224.1498260498047,225.50474548339844,220.3889312744141,220.69776916503903,220.69776916503903,5742243,GOOG,2009-07-31,941.6900024414062,17.569999694824222,313.9200134277344,674,7,31
8202,223.5321502685547,226.10250854492188,222.9842071533203,225.2606658935547,225.2606658935547,5200018,GOOG,2009-08-03,956.7000122070312,17.809999465942386,318.4599914550781,675,8,32
8203,223.8459625244141,226.1523284912109,223.3777313232422,226.0178375244141,226.0178375244141,4797515,GOOG,2009-08-04,960.6500244140624,17.829999923706055,318.17999267578125,676,8,32
8204,227.14859008789062,227.60189819335938,223.10374450683597,224.7276611328125,224.7276611328125,4701557,GOOG,2009-08-05,955.239990234375,17.809999465942386,315.3999938964844,677,8,32
8205,226.3017578125,226.59068298339844,223.4275360107422,224.3391265869141,224.3391265869141,4237624,GOOG,2009-08-06,943.5700073242188,17.600000381469727,313.1600036621094,678,8,32
8206,226.9842071533203,228.85220336914062,226.64547729492188,227.696533203125,227.696533203125,5105264,GOOG,2009-08-07,951.530029296875,17.729999542236328,316.92999267578125,679,8,32
8207,226.7201995849609,228.34909057617188,226.04771423339844,227.45245361328125,227.45245361328125,3497059,GOOG,2009-08-10,945.52001953125,17.569999694824222,314.3399963378906,680,8,33
8208,225.98794555664062,227.76129150390625,225.3453521728516,226.1224365234375,226.1224365234375,3437838,GOOG,2009-08-11,936.4500122070312,17.479999542236328,311.1600036621094,681,8,33
8209,226.8546905517578,230.01284790039062,226.6106109619141,228.43377685546875,228.43377685546875,4700352,GOOG,2009-08-12,957.280029296875,17.84000015258789,318.9700012207031,682,8,33
8210,230.2121124267578,231.4923095703125,228.59815979003903,230.27687072753903,230.27687072753903,4005357,GOOG,2009-08-13,968.3499755859376,18.049999237060547,319.1600036621094,683,8,33
8211,230.5259246826172,230.7251892089844,227.5919342041016,229.14112854003903,229.14112854003903,3362757,GOOG,2009-08-14,955.7000122070312,17.729999542236328,316.2300109863281,684,8,33
8212,224.9069976806641,225.1510772705078,220.73263549804688,221.6143341064453,221.6143341064453,5260042,GOOG,2009-08-17,926.8400268554688,17.25,307.8599853515625,685,8,34
8213,221.7189483642578,223.0140838623047,220.33413696289062,221.80860900878903,221.80860900878903,4719825,GOOG,2009-08-18,943.4000244140624,17.549999237060547,312.3500061035156,686,8,34
8214,219.1734771728516,221.66912841796875,218.46115112304688,221.1560516357422,221.1560516357422,4526905,GOOG,2009-08-19,947.989990234375,17.670000076293945,313.6300048828125,687,8,34
8215,225.15606689453125,230.22705078125,224.7724914550781,229.3453521728516,229.3453521728516,8027778,GOOG,2009-08-20,955.7999877929688,17.81999969482422,316.9200134277344,688,8,34
8216,231.90077209472656,232.1747589111328,230.461181640625,231.7513427734375,231.7513427734375,7147691,GOOG,2009-08-21,968.7000122070312,18.049999237060547,321.760009765625,689,8,34
8217,232.80239868164062,234.1672821044922,231.3428649902344,233.4898223876953,233.4898223876953,4925192,GOOG,2009-08-24,961.239990234375,17.920000076293945,321.510009765625,690,8,35
8218,233.68907165527344,236.28933715820312,233.4848480224609,234.80490112304688,234.80490112304688,4699549,GOOG,2009-08-25,962.7100219726562,17.93000030517578,321.8500061035156,691,8,35
8219,235.49729919433597,235.61685180664062,232.4786071777344,233.12619018554688,233.12619018554688,3990502,GOOG,2009-08-26,965.6599731445312,18.020000457763672,322.0299987792969,692,8,35
8220,233.41510009765625,233.41510009765625,229.5047607421875,232.1598052978516,232.1598052978516,4012785,GOOG,2009-08-27,973.1900024414062,18.15999984741211,323.19000244140625,693,8,35
8221,233.7538299560547,235.3030242919922,230.82481384277344,231.5072479248047,231.5072479248047,3556481,GOOG,2009-08-28,980.7999877929688,18.280000686645508,324.6199951171875,694,8,35
8222,229.03651428222656,230.06765747070312,228.1448516845703,229.97300720214844,229.97300720214844,3930477,GOOG,2009-08-31,966.8599853515624,18.020000457763672,321.29998779296875,695,8,36
8223,228.98171997070312,232.53839111328125,226.36154174804688,227.02903747558597,227.02903747558597,5209253,GOOG,2009-09-01,946.1099853515624,17.639999389648438,315.1099853515625,696,9,36
8224,227.05892944335938,228.30923461914062,225.449951171875,225.6591796875,225.6591796875,3623130,GOOG,2009-09-02,944.3499755859376,17.639999389648438,314.9800109863281,697,9,36
8225,227.05892944335938,228.26939392089844,226.65045166015625,227.9057464599609,227.9057464599609,3304741,GOOG,2009-09-03,953.6900024414062,17.770000457763672,316.5799865722656,698,9,36
8226,227.9306640625,230.43626403808597,227.03900146484372,229.7886962890625,229.7886962890625,3009639,GOOG,2009-09-04,976.9299926757812,18.18000030517578,321.9100036621094,699,9,36
8227,231.27810668945312,232.6230773925781,227.0688934326172,228.4537048339844,228.4537048339844,5333316,GOOG,2009-09-08,992.5499877929688,18.51000022888184,323.1400146484375,701,9,37
8228,228.6728820800781,232.2644195556641,228.5433654785156,231.11871337890625,231.11871337890625,4407258,GOOG,2009-09-09,1005.3699951171876,18.739999771118164,326.8299865722656,702,9,37
8229,232.4537048339844,234.5906982421875,230.13739013671875,234.5906982421875,234.5906982421875,5088201,GOOG,2009-09-10,1021.4099731445312,19.059999465942386,331.2099914550781,703,9,37
8230,234.3217010498047,235.76629638671875,232.9418792724609,235.1884613037109,235.1884613037109,3820065,GOOG,2009-09-11,1017.7100219726562,19.01000022888184,330.260009765625,704,9,37
8231,234.3764953613281,237.5097503662109,234.14735412597656,236.6728973388672,236.6728973388672,3966211,GOOG,2009-09-14,1020.030029296875,19.030000686645508,330.94000244140625,705,9,38
8232,236.6529693603516,238.56082153320312,235.47239685058597,237.8783721923828,237.8783721923828,4814177,GOOG,2009-09-15,1026.6300048828123,19.170000076293945,332.8699951171875,706,9,38
8233,239.004150390625,243.7712860107422,238.34661865234372,243.2333068847656,243.2333068847656,5189981,GOOG,2009-09-16,1033.9200439453123,19.190000534057614,336.1300048828125,707,9,38
8234,244.3690490722656,247.75634765625,242.6654357910156,244.94189453125,244.94189453125,8999808,GOOG,2009-09-17,1023.030029296875,19.059999465942386,335.4100036621094,708,9,38
8235,247.4574737548828,247.56207275390625,244.69781494140625,244.8123779296875,244.8123779296875,6591615,GOOG,2009-09-18,1026.52001953125,19.149999618530273,336.67999267578125,709,9,38
8236,242.95933532714844,248.51849365234372,242.20216369628903,247.5720367431641,247.5720367431641,4248666,GOOG,2009-09-21,1028.56005859375,19.209999084472656,336.0,710,9,39
8237,249.52471923828125,250.05772399902344,247.97552490234372,248.5981903076172,248.5981903076172,6105198,GOOG,2009-09-22,1032.7900390625,19.270000457763672,337.2300109863281,711,9,39
8238,249.4549865722656,252.55337524414062,247.92572021484372,248.29931640625,248.29931640625,5428672,GOOG,2009-09-23,1033.1700439453123,19.280000686645508,341.8299865722656,712,9,39
8239,249.30056762695312,249.768798828125,245.5795135498047,247.4574737548828,247.4574737548828,5074148,GOOG,2009-09-24,1019.6699829101562,19.020000457763672,333.94000244140625,713,9,39
8240,246.2220916748047,249.0315704345703,245.0813751220703,245.3204803466797,245.3204803466797,4114565,GOOG,2009-09-25,1010.530029296875,18.809999465942386,331.6099853515625,714,9,39
8241,246.4960784912109,249.8136444091797,245.72894287109372,248.3341827392578,248.3341827392578,3692388,GOOG,2009-09-28,1031.52001953125,19.200000762939453,337.3599853515625,715,9,40
8242,248.8323211669922,248.94190979003903,245.58448791503903,248.3341827392578,248.3341827392578,4214137,GOOG,2009-09-29,1022.4400024414062,19.06999969482422,335.0199890136719,716,9,40
8243,249.0664367675781,249.13616943359372,242.71026611328125,246.9991912841797,246.9991912841797,6306952,GOOG,2009-09-30,1030.1800537109377,19.1299991607666,335.6499938964844,717,9,40
8244,245.5795135498047,247.3080291748047,242.59071350097656,242.6903381347656,242.6903381347656,5647489,GOOG,2009-10-01,993.1099853515624,18.600000381469727,326.0199890136719,718,10,40
8245,240.966796875,244.9518585205078,240.39892578125,241.38522338867188,241.38522338867188,5221097,GOOG,2009-10-02,988.6400146484376,18.38999938964844,324.9200134277344,719,10,40
8246,242.91448974609372,245.2955780029297,240.76754760742188,243.34786987304688,243.34786987304688,4305277,GOOG,2009-10-05,1002.5,18.65999984741211,327.6099853515625,720,10,41
8247,244.9319305419922,248.7526092529297,244.9319305419922,248.4387969970703,248.4387969970703,5485083,GOOG,2009-10-06,1022.7100219726562,19.040000915527344,332.7200012207031,721,10,41
8248,248.56829833984372,258.52597045898443,247.97552490234372,257.80368041992193,257.80368041992193,9784939,GOOG,2009-10-07,1022.1300048828124,19.020000457763672,335.3999938964844,722,10,41
8249,258.81491088867193,260.64804077148443,255.71153259277344,256.12997436523443,256.12997436523443,8639863,GOOG,2009-10-08,1027.27001953125,19.1200008392334,336.7200012207031,723,10,41
8250,257.3603515625,259.78128051757807,256.28936767578125,257.16110229492193,257.16110229492193,5496726,GOOG,2009-10-09,1043.2099609375,19.420000076293945,340.489990234375,724,10,41
8251,260.73269653320307,261.89834594726557,258.6903686523437,261.04156494140625,261.04156494140625,6669305,GOOG,2009-10-12,1048.800048828125,19.530000686645508,340.1400146484375,725,10,42
8252,261.21591186523443,262.74517822265625,259.71652221679693,262.0726928710937,262.0726928710937,6097570,GOOG,2009-10-13,1051.699951171875,19.59000015258789,341.4599914550781,726,10,42
8253,265.23583984375,266.79000854492193,264.01043701171875,266.66049194335943,266.66049194335943,6541227,GOOG,2009-10-14,1064.68994140625,19.799999237060547,346.44000244140625,727,10,42
8254,265.87841796875,267.44754028320307,262.6505126953125,263.96560668945307,263.96560668945307,12246532,GOOG,2009-10-15,1059.06005859375,19.700000762939453,346.3699951171875,728,10,42
8255,272.64306640625,276.33920288085943,271.248291015625,273.8983764648437,273.8983764648437,17750083,GOOG,2009-10-16,1048.0400390625,19.5,342.92999267578125,729,10,42
8256,275.31304931640625,275.766357421875,273.3404541015625,275.01419067382807,275.01419067382807,6459923,GOOG,2009-10-19,1062.5,19.790000915527344,346.30999755859375,730,10,43
8257,274.79000854492193,275.44256591796875,269.3404541015625,274.82986450195307,274.82986450195307,8117714,GOOG,2009-10-20,1057.5699462890623,19.700000762939453,346.32000732421875,731,10,43
8258,273.92825317382807,278.630615234375,273.47494506835943,274.52102661132807,274.52102661132807,7368717,GOOG,2009-10-21,1050.3800048828123,19.559999465942386,345.5899963378906,732,10,43
8259,273.9730834960937,276.4637451171875,272.976806640625,276.01043701171875,276.01043701171875,4690516,GOOG,2009-10-22,1063.43994140625,19.790000915527344,347.5899963378906,733,10,43
8260,276.58828735351557,277.90335083007807,274.57083129882807,275.81118774414057,275.81118774414057,4803337,GOOG,2009-10-23,1048.449951171875,19.51000022888184,346.510009765625,734,10,43
8261,276.8373413085937,279.7713623046875,274.41641235351557,276.07022094726557,276.07022094726557,5963068,GOOG,2009-10-26,1043.4200439453123,19.40999984741211,345.3900146484375,735,10,44
8262,274.45626831054693,276.2445678710937,271.06399536132807,273.12127685546875,273.12127685546875,6457112,GOOG,2009-10-27,1024.550048828125,19.059999465942386,342.19000244140625,736,10,44
8263,272.9120483398437,273.9730834960937,268.12002563476557,269.14120483398443,269.14120483398443,5154849,GOOG,2009-10-28,996.8200073242188,18.530000686645508,336.0199890136719,737,10,44
8264,270.49111938476557,274.88467407226557,269.48989868164057,274.49612426757807,274.49612426757807,5064111,GOOG,2009-10-29,1022.9500122070312,19.049999237060547,342.6199951171875,738,10,44
8265,273.9730834960937,274.05776977539057,266.1224975585937,267.05899047851557,267.05899047851557,6963002,GOOG,2009-10-30,993.72998046875,18.5,334.3699951171875,739,10,44
8266,267.53720092773443,268.72274780273443,263.13369750976557,265.9979858398437,265.9979858398437,6428205,GOOG,2009-11-02,997.6599731445312,18.56999969482422,335.75,740,11,45
8267,264.01541137695307,267.74642944335943,263.16360473632807,267.64181518554693,267.64181518554693,4778243,GOOG,2009-11-03,999.1599731445312,18.56999969482422,334.7699890136719,741,11,45
8268,269.3902587890625,271.73147583007807,267.2084350585937,269.1561279296875,269.1561279296875,4682887,GOOG,2009-11-04,1003.2100219726562,18.65999984741211,337.010009765625,742,11,45
8269,270.730224609375,273.8585205078125,270.3167724609375,273.30059814453125,273.30059814453125,3709251,GOOG,2009-11-05,1026.8699951171877,19.100000381469727,344.3599853515625,743,11,45
8270,272.8373413085937,274.85977172851557,271.73147583007807,274.52102661132807,274.52102661132807,3667094,GOOG,2009-11-06,1029.760009765625,19.170000076293945,344.7300109863281,744,11,45
8271,276.68789672851557,280.23959350585943,276.08016967773443,280.2047119140625,280.2047119140625,5319665,GOOG,2009-11-09,1056.5699462890623,19.670000076293945,352.2699890136719,745,11,46
8272,280.31430053710943,283.3280029296875,279.95068359375,282.32177734375,282.32177734375,4478323,GOOG,2009-11-10,1055.0799560546877,19.649999618530273,352.2200012207031,746,11,46
8273,284.1748352050781,285.67919921875,281.87347412109375,284.2146911621094,284.2146911621094,4656790,GOOG,2009-11-11,1062.9000244140623,19.790000915527344,354.30999755859375,747,11,46
8274,283.716552734375,285.38031005859375,281.69415283203125,282.86474609375,282.86474609375,3786741,GOOG,2009-11-12,1053.6800537109377,19.6200008392334,353.0199890136719,748,11,46
8275,283.5820617675781,285.1860656738281,282.2470703125,284.9569091796875,284.9569091796875,3346095,GOOG,2009-11-13,1065.06005859375,19.84000015258789,355.8999938964844,749,11,46
8276,286.4263916015625,287.4176940917969,285.320556640625,287.06402587890625,287.06402587890625,4414886,GOOG,2009-11-16,1080.1199951171877,20.13999938964844,359.5199890136719,750,11,47
8277,286.36163330078125,287.6717224121094,285.7887878417969,287.666748046875,287.666748046875,3847769,GOOG,2009-11-17,1083.0899658203123,20.18000030517578,361.1600036621094,751,11,47
8278,287.2483215332031,288.3093566894531,284.9668884277344,287.2483215332031,287.2483215332031,3110817,GOOG,2009-11-18,1069.5899658203123,19.96999931335449,359.30999755859375,752,11,47
8279,285.8136901855469,285.92828369140625,283.93572998046875,285.4251708984375,285.4251708984375,4352252,GOOG,2009-11-19,1048.6099853515623,19.57999992370605,353.55999755859375,753,11,47
8280,283.6866760253906,284.7327575683594,283.6368713378906,283.9158020019531,283.9158020019531,4027439,GOOG,2009-11-20,1037.530029296875,19.38999938964844,351.2799987792969,754,11,47
8281,287.1686096191406,292.2047424316406,286.85479736328125,290.0876770019531,290.0876770019531,5114097,GOOG,2009-11-23,1055.5899658203123,19.690000534057614,356.8800048828125,755,11,48
8282,290.17236328125,291.0540466308594,287.19354248046875,290.456298828125,290.456298828125,3222433,GOOG,2009-11-24,1051.550048828125,19.6200008392334,355.2099914550781,756,11,48
8283,292.110107421875,292.43389892578125,290.2570495605469,291.7763366699219,291.7763366699219,2933354,GOOG,2009-11-25,1056.93994140625,19.729999542236328,355.8399963378906,757,11,48
8284,284.9320068359375,290.1424865722656,284.4189147949219,288.7975158691406,288.7975158691406,2779580,GOOG,2009-11-27,1038.75,19.38999938964844,350.1099853515625,759,11,48
8285,289.23089599609375,290.7452087402344,287.47747802734375,290.4114685058594,290.4114685058594,3463132,GOOG,2009-11-30,1037.6199951171877,19.38999938964844,351.1000061035156,760,11,49
8286,292.9668884277344,294.5061340332031,290.4114685058594,293.8336486816406,293.8336486816406,4657994,GOOG,2009-12-01,1057.75,19.729999542236328,355.82000732421875,761,12,49
8287,294.3965148925781,295.39776611328125,292.01544189453125,292.6580505371094,292.6580505371094,3338868,GOOG,2009-12-02,1064.8399658203123,19.899999618530273,355.4100036621094,762,12,49
8288,293.4201965332031,294.6206970214844,291.4077453613281,291.7763366699219,291.7763366699219,2868110,GOOG,2009-12-03,1061.1500244140623,19.81999969482422,354.8399963378906,763,12,49
8289,295.40277099609375,296.30438232421875,288.50860595703125,291.4127197265625,291.4127197265625,5046043,GOOG,2009-12-04,1077.0699462890623,20.1200008392334,357.9100036621094,764,12,49
8290,291.01422119140625,293.245849609375,289.4151916503906,292.0303955078125,292.0303955078125,3284666,GOOG,2009-12-07,1078.050048828125,20.149999618530273,355.5899963378906,765,12,50
8291,290.6605224609375,294.2271728515625,289.913330078125,292.42889404296875,292.42889404296875,3059425,GOOG,2009-12-08,1072.219970703125,20.07999992370605,353.4599914550781,766,12,50
8292,292.653076171875,293.56463623046875,290.70037841796875,293.41021728515625,293.41021728515625,3575351,GOOG,2009-12-09,1080.25,20.18000030517578,356.6600036621094,767,12,50
8293,294.1175842285156,296.2445983886719,294.1026306152344,294.6455993652344,294.6455993652344,3349106,GOOG,2009-12-10,1081.8599853515623,20.209999084472656,358.239990234375,768,12,50
8294,296.2296447753906,296.2645263671875,292.76763916015625,294.1524353027344,294.1524353027344,3452894,GOOG,2009-12-11,1075.699951171875,20.07999992370605,357.1000061035156,769,12,50
8295,296.56341552734375,297.53973388671875,295.1985168457031,296.752685546875,296.752685546875,3841144,GOOG,2009-12-14,1089.3399658203123,20.350000381469727,360.20001220703125,770,12,51
8296,295.542236328125,297.07647705078125,294.39154052734375,295.4625244140625,295.4625244140625,4577895,GOOG,2009-12-15,1085.72998046875,20.270000457763672,358.2799987792969,771,12,51
8297,298.1823425292969,299.06402587890625,297.20599365234375,297.763916015625,297.763916015625,5639861,GOOG,2009-12-16,1102.3499755859377,20.56999969482422,359.57000732421875,772,12,51
8298,297.10638427734375,297.7041320800781,295.7713623046875,295.8610534667969,295.8610534667969,5297382,GOOG,2009-12-17,1088.06005859375,20.32999992370605,355.29998779296875,773,12,51
8299,296.9021301269531,298.3467102050781,296.3890686035156,297.0964050292969,297.0964050292969,7089474,GOOG,2009-12-18,1105.719970703125,20.600000381469727,360.8500061035156,774,12,51
8300,297.6891784667969,298.8000183105469,296.7228088378906,298.2221984863281,298.2221984863281,5161675,GOOG,2009-12-21,1119.6099853515623,20.88999938964844,365.30999755859375,775,12,52
8301,299.5472106933594,299.6269226074219,298.306884765625,299.4376220703125,299.4376220703125,3775699,GOOG,2009-12-22,1124.93994140625,20.950000762939453,366.7999877929688,776,12,52
8302,300.6231994628906,305.29071044921875,300.2994079589844,304.6979064941406,304.6979064941406,4160938,GOOG,2009-12-23,1134.6300048828125,21.1299991607666,368.95001220703125,777,12,52
8303,305.3205871582031,308.603271484375,304.9918212890625,308.0852355957031,308.0852355957031,1723837,GOOG,2009-12-24,1148.27001953125,21.3700008392334,372.6600036621094,778,12,52
8304,309.6692810058594,311.8262023925781,308.0852355957031,310.27203369140625,310.27203369140625,3408528,GOOG,2009-12-28,1145.300048828125,21.32999992370605,373.4800109863281,780,12,53
8305,311.2035217285156,311.25335693359375,307.9905700683594,308.54351806640625,308.54351806640625,2860281,GOOG,2009-12-29,1139.969970703125,21.21999931335449,373.489990234375,781,12,53
8306,308.0951843261719,310.2023010253906,307.8511047363281,310.2023010253906,310.2023010253906,2942187,GOOG,2009-12-30,1149.72998046875,21.420000076293945,374.80999755859375,782,12,53
8307,311.2085266113281,311.53228759765625,308.8324279785156,308.8324279785156,308.8324279785156,2448744,GOOG,2009-12-31,1137.9200439453125,21.209999084472656,370.7099914550781,783,12,53
8308,312.3044128417969,313.5796203613281,310.9544677734375,312.20477294921875,312.20477294921875,3927065,GOOG,2010-01-04,1156.6500244140625,21.559999465942386,376.4599914550781,780,1,1
8309,312.4189758300781,312.74774169921875,309.6094970703125,310.8299255371094,310.8299255371094,6031925,GOOG,2010-01-05,1157.06005859375,21.540000915527344,376.3299865722656,781,1,1
8310,311.7614440917969,311.7614440917969,302.0478515625,302.9942932128906,302.9942932128906,7987226,GOOG,2010-01-06,1151.8599853515625,21.440000534057614,373.0299987792969,782,1,1
8311,303.5621643066406,303.8610534667969,295.21844482421875,295.94073486328125,295.94073486328125,12876685,GOOG,2010-01-07,1142.260009765625,21.26000022888184,371.6000061035156,783,1,1
8312,294.8946533203125,300.4986572265625,293.4550476074219,299.8859558105469,299.8859558105469,9484016,GOOG,2010-01-08,1154.760009765625,21.489999771118164,374.5299987792969,784,1,1
8313,301.1014099121094,301.1014099121094,295.9108581542969,299.4326477050781,299.4326477050781,14479871,GOOG,2010-01-11,1150.8199462890625,21.459999084472656,372.92999267578125,785,1,2
8314,297.7091064453125,297.9631652832031,292.9021301269531,294.13751220703125,294.13751220703125,9742983,GOOG,2010-01-12,1130.699951171875,21.040000915527344,367.6700134277344,786,1,2
8315,287.1686096191406,293.0914306640625,285.8784484863281,292.4488220214844,292.4488220214844,13041902,GOOG,2010-01-13,1149.75,21.399999618530273,372.1499938964844,787,1,2
8316,290.8597717285156,295.9905700683594,290.31683349609375,293.82366943359375,293.82366943359375,8511986,GOOG,2010-01-14,1151.0999755859375,21.440000534057614,374.7200012207031,788,1,2
8317,295.5621643066406,295.6717529296875,287.94073486328125,288.91705322265625,288.91705322265625,10909740,GOOG,2010-01-15,1130.489990234375,21.059999465942386,369.9700012207031,789,1,2
8318,289.51483154296875,294.10760498046875,287.0690002441406,292.71282958984375,292.71282958984375,8665760,GOOG,2010-01-19,1145.25,21.31999969482422,375.7900085449219,791,1,3
8319,291.8959045410156,291.8959045410156,286.57086181640625,289.1213073730469,289.1213073730469,6525769,GOOG,2010-01-20,1129.6600341796875,21.040000915527344,370.3200073242188,792,1,3
8320,290.6306457519531,292.3143310546875,285.0565490722656,290.4014892578125,290.4014892578125,12662686,GOOG,2010-01-21,1123.72998046875,20.940000534057614,366.6099853515625,793,1,3
8321,281.19601440429693,284.234619140625,266.43133544921875,273.97805786132807,273.97805786132807,13651779,GOOG,2010-01-22,1080.93994140625,20.100000381469727,352.3500061035156,794,1,3
8322,272.27444458007807,273.91329956054693,266.755126953125,268.99176025390625,268.99176025390625,8872934,GOOG,2010-01-25,1087.5400390625,20.26000022888184,354.80999755859375,795,1,4
8323,267.98052978515625,273.77383422851557,267.1436767578125,270.19723510742193,270.19723510742193,8743651,GOOG,2010-01-26,1086.300048828125,20.200000762939453,354.80999755859375,796,1,4
8324,269.6243896484375,272.80245971679693,266.655517578125,270.037841796875,270.037841796875,7958519,GOOG,2010-01-27,1094.530029296875,20.3799991607666,357.0,797,1,4
8325,271.22836303710943,272.47866821289057,264.30929565429693,266.1473999023437,266.1473999023437,6482407,GOOG,2010-01-28,1065.300048828125,19.809999465942386,346.5,798,1,4
8326,268.23956298828125,269.48489379882807,261.8236083984375,263.98052978515625,263.98052978515625,8312039,GOOG,2010-01-29,1035.3800048828123,19.239999771118164,339.3800048828125,799,1,4
8327,266.30184936523443,266.90457153320307,264.15985107421875,265.5147705078125,265.5147705078125,4518473,GOOG,2010-02-01,1057.3299560546877,19.649999618530273,344.3999938964844,800,2,5
8328,266.48117065429693,266.48117065429693,262.81988525390625,264.56832885742193,264.56832885742193,8223107,GOOG,2010-02-02,1066.9200439453123,19.739999771118164,346.739990234375,801,2,5
8329,263.347900390625,270.037841796875,263.12872314453125,269.40020751953125,269.40020751953125,6020683,GOOG,2010-02-03,1070.72998046875,19.920000076293945,348.1300048828125,802,2,5
8330,267.49734497070307,267.9954833984375,261.7987060546875,262.40643310546875,262.40643310546875,6780721,GOOG,2010-02-04,1035.9200439453123,19.270000457763672,338.1099853515625,803,2,5
8331,263.21340942382807,265.75387573242193,260.2545166015625,264.65301513671875,264.65301513671875,6335659,GOOG,2010-02-05,1051.0999755859377,19.549999237060547,341.82000732421875,804,2,5
8332,265.25576782226557,269.98800659179693,264.77255249023443,265.73895263671875,265.73895263671875,5408798,GOOG,2010-02-08,1046.0400390625,19.459999084472656,340.0199890136719,805,2,6
8333,268.76260375976557,269.75390625,266.53594970703125,267.21841430664057,267.21841430664057,5660337,GOOG,2010-02-09,1059.1099853515623,19.709999084472656,343.510009765625,806,2,6
8334,266.03781127929693,267.890869140625,262.8597412109375,266.22711181640625,266.22711181640625,5369049,GOOG,2010-02-10,1061.0,19.739999771118164,342.45001220703125,807,2,6
8335,265.66421508789057,269.23583984375,263.7613525390625,267.198486328125,267.198486328125,4838067,GOOG,2010-02-11,1079.3900146484377,20.11000061035156,346.3399963378906,808,2,6
8336,265.4898681640625,267.57208251953125,264.25949096679693,265.56460571289057,265.56460571289057,4576490,GOOG,2010-02-12,1080.02001953125,20.09000015258789,346.54998779296875,809,2,6
8337,267.43258666992193,271.04904174804693,266.15240478515625,269.63931274414057,269.63931274414057,7336195,GOOG,2010-02-16,1098.81005859375,20.450000762939453,352.010009765625,811,2,7
8338,269.98800659179693,270.68539428710943,267.8012084960937,268.10009765625,268.10009765625,4074616,GOOG,2010-02-17,1103.219970703125,20.549999237060547,353.3399963378906,812,2,7
8339,267.766357421875,271.48739624023443,267.0689697265625,270.59573364257807,270.59573364257807,4691319,GOOG,2010-02-18,1110.3900146484377,20.68000030517578,356.260009765625,813,2,7
8340,269.25576782226557,270.99923706054693,268.84231567382807,269.37033081054693,269.37033081054693,5125339,GOOG,2010-02-19,1111.050048828125,20.700000762939453,355.8299865722656,814,2,7
8341,272.65301513671875,272.72775268554693,269.48989868164057,270.38653564453125,270.38653564453125,4305277,GOOG,2010-02-22,1106.56005859375,20.6299991607666,354.8399963378906,815,2,8
8342,270.48614501953125,270.79998779296875,265.15115356445307,266.53594970703125,266.53594970703125,5766734,GOOG,2010-02-23,1087.6800537109377,20.239999771118164,349.9800109863281,816,2,8
8343,265.99298095703125,268.21466064453125,264.26446533203125,264.74267578125,264.74267578125,4670641,GOOG,2010-02-24,1103.1199951171877,20.559999465942386,353.6600036621094,817,2,8
8344,262.5758056640625,263.2582397460937,259.02908325195307,262.23208618164057,262.23208618164057,6643207,GOOG,2010-02-25,1100.0400390625,20.51000022888184,352.80999755859375,818,2,8
8345,262.72525024414057,264.88217163085943,260.76260375976557,262.41641235351557,262.41641235351557,4113963,GOOG,2010-02-26,1102.93994140625,20.549999237060547,353.0400085449219,819,2,8
8346,263.61190795898443,265.6492919921875,262.8846435546875,265.35040283203125,265.35040283203125,4492576,GOOG,2010-03-01,1128.0799560546875,20.989999771118164,358.2300109863281,820,3,9
8347,266.74020385742193,271.81118774414057,266.50607299804693,269.519775390625,269.519775390625,8746261,GOOG,2010-03-02,1127.760009765625,21.020000457763672,357.45001220703125,821,3,9
8348,270.1673583984375,273.03659057617193,268.6181640625,271.64181518554693,271.64181518554693,6201960,GOOG,2010-03-03,1122.5400390625,20.93000030517578,357.6600036621094,822,3,9
8349,272.2296142578125,277.02664184570307,272.08016967773443,276.259521484375,276.259521484375,6391467,GOOG,2010-03-04,1125.3900146484377,20.959999084472656,359.4200134277344,823,3,9
8350,279.6268920898437,282.77508544921875,278.90460205078125,281.05154418945307,281.05154418945307,7853728,GOOG,2010-03-05,1141.2900390625,21.26000022888184,364.4599914550781,824,3,9
8351,281.33547973632807,281.53472900390625,279.45751953125,280.18978881835943,280.18978881835943,4790690,GOOG,2010-03-08,1144.4300537109375,21.350000381469727,365.6600036621094,825,3,10
8352,278.87969970703125,281.27569580078125,277.2109375,279.04904174804693,279.04904174804693,6377013,GOOG,2010-03-09,1148.3599853515625,21.3799991607666,367.0799865722656,826,3,10
8353,280.827392578125,288.16986083984375,280.0552978515625,287.148681640625,287.148681640625,11352192,GOOG,2010-03-10,1161.02001953125,21.600000381469727,369.8900146484375,827,3,10
8354,286.0577697753906,292.0104675292969,286.02789306640625,289.48492431640625,289.48492431640625,8498335,GOOG,2010-03-11,1160.97998046875,21.6200008392334,371.4100036621094,828,3,10
8355,292.97186279296875,293.0415954589844,288.4986267089844,288.68792724609375,288.68792724609375,5527441,GOOG,2010-03-12,1159.56005859375,21.59000015258789,371.5799865722656,829,3,10
8356,282.2819519042969,283.6617736816406,276.96188354492193,280.53848266601557,280.53848266601557,9342688,GOOG,2010-03-15,1156.3199462890625,21.559999465942386,370.5899963378906,830,3,11
8357,279.86599731445307,283.148681640625,279.33297729492193,281.5447082519531,281.5447082519531,6888724,GOOG,2010-03-16,1168.5799560546875,21.790000915527344,373.2200012207031,831,3,11
8358,283.08892822265625,284.65802001953125,281.07147216796875,281.7240295410156,281.7240295410156,6668100,GOOG,2010-03-17,1173.050048828125,21.86000061035156,374.6300048828125,832,3,11
8359,281.3056030273437,283.1586608886719,280.42889404296875,282.1424560546875,282.1424560546875,3567723,GOOG,2010-03-18,1173.0999755859375,21.850000381469727,375.45001220703125,833,3,11
8360,278.95440673828125,282.9394836425781,277.5994873046875,278.95440673828125,278.95440673828125,9624340,GOOG,2010-03-19,1160.75,21.6200008392334,372.4599914550781,834,3,11
8361,277.01666259765625,282.3666076660156,276.1051025390625,277.70907592773443,277.70907592773443,8039622,GOOG,2010-03-22,1177.0400390625,21.88999938964844,375.17999267578125,835,3,12
8362,277.47994995117193,278.11257934570307,269.98800659179693,273.47494506835943,273.47494506835943,11043840,GOOG,2010-03-23,1191.2900390625,22.190000534057614,378.70001220703125,836,3,12
8363,271.7364501953125,278.87969970703125,268.84231567382807,277.6243896484375,277.6243896484375,13179616,GOOG,2010-03-24,1180.739990234375,21.989999771118164,376.55999755859375,837,3,12
8364,278.4662475585937,284.9320068359375,278.28692626953125,280.3890380859375,280.3890380859375,7891268,GOOG,2010-03-25,1176.8499755859375,21.899999618530273,377.80999755859375,838,3,12
8365,281.5795593261719,282.6356201171875,278.96438598632807,280.29440307617193,280.29440307617193,5412612,GOOG,2010-03-26,1173.030029296875,21.850000381469727,377.3399963378906,839,3,12
8366,280.44882202148443,281.3056030273437,279.23834228515625,280.17483520507807,280.17483520507807,6232273,GOOG,2010-03-29,1176.3699951171875,21.90999984741211,377.3900146484375,840,3,13
8367,280.3641357421875,282.7551574707031,279.09390258789057,282.296875,282.296875,3970627,GOOG,2010-03-30,1178.239990234375,21.93000030517578,379.239990234375,841,3,13
8368,281.469970703125,283.80621337890625,280.35415649414057,282.5011291503906,282.5011291503906,6084320,GOOG,2010-03-31,1172.6300048828125,21.86000061035156,376.8900146484375,842,3,13
8369,284.60821533203125,285.654296875,281.71905517578125,283.3379821777344,283.3379821777344,4221163,GOOG,2010-04-01,1172.550048828125,21.809999465942386,377.239990234375,843,4,13
8370,284.3840637207031,286.36663818359375,283.4375915527344,284.4388427734375,284.4388427734375,3817255,GOOG,2010-04-05,1191.27001953125,22.18000030517578,381.4200134277344,845,4,14
8371,283.666748046875,284.37908935546875,281.6443176269531,283.049072265625,283.049072265625,4135644,GOOG,2010-04-06,1195.6500244140625,22.26000022888184,381.5799865722656,846,4,14
8372,282.5907897949219,283.3130798339844,279.88095092773443,280.71780395507807,280.71780395507807,5181348,GOOG,2010-04-07,1190.5899658203125,22.170000076293945,380.7699890136719,847,4,14
8373,280.60821533203125,283.86102294921875,278.97930908203125,282.6854248046875,282.6854248046875,3909599,GOOG,2010-04-08,1188.43994140625,22.1200008392334,380.8800048828125,848,4,14
8374,282.6854248046875,283.3230285644531,280.94692993164057,282.05279541015625,282.05279541015625,4128617,GOOG,2010-04-09,1202.1300048828125,22.38999938964844,384.0400085449219,849,4,14
8375,282.6156921386719,285.92828369140625,282.05279541015625,285.295654296875,285.295654296875,4722435,GOOG,2010-04-12,1205.9200439453125,22.450000762939453,385.2200012207031,850,4,15
8376,285.1960144042969,293.3404846191406,284.4986267089844,292.2894287109375,292.2894287109375,7853929,GOOG,2010-04-13,1210.4000244140625,22.53000068664551,386.510009765625,851,4,15
8377,293.92828369140625,295.06402587890625,290.9145812988281,293.4002685546875,293.4002685546875,6830908,GOOG,2010-04-14,1238.699951171875,23.03000068664551,392.95001220703125,852,4,15
8378,294.9793395996094,297.80377197265625,293.0466003417969,296.53851318359375,296.53851318359375,13574290,GOOG,2010-04-15,1243.280029296875,23.13999938964844,395.010009765625,853,4,15
8379,280.44882202148443,283.34295654296875,273.78875732421875,274.0477905273437,274.0477905273437,24562723,GOOG,2010-04-16,1226.6500244140625,22.86000061035156,389.510009765625,854,4,15
8380,273.35040283203125,275.96063232421875,271.482421875,274.0228881835937,274.0228881835937,7817191,GOOG,2010-04-19,1220.8900146484375,22.75,390.3599853515625,855,4,16
8381,276.05029296875,278.7850341796875,274.5010986328125,276.48367309570307,276.48367309570307,5977120,GOOG,2010-04-20,1236.7900390625,23.020000457763672,392.0199890136719,856,4,16
8382,277.19100952148443,279.07894897460943,275.04904174804693,276.11505126953125,276.11505126953125,4800928,GOOG,2010-04-21,1234.1700439453125,22.96999931335449,393.5799865722656,857,4,16
8383,274.9693603515625,275.21841430664057,270.66049194335943,272.50857543945307,272.50857543945307,6585994,GOOG,2010-04-22,1246.1800537109375,23.20000076293945,394.4599914550781,858,4,16
8384,272.60321044921875,273.63433837890625,270.12252807617193,271.47744750976557,271.47744750976557,4194463,GOOG,2010-04-23,1254.030029296875,23.36000061035156,396.2799987792969,859,4,16
8385,271.46746826171875,271.47744750976557,263.61691284179693,264.82736206054693,264.82736206054693,8770351,GOOG,2010-04-26,1249.9300537109375,23.239999771118164,395.6099853515625,860,4,17
8386,263.48739624023443,268.15988159179693,262.63058471679693,263.54217529296875,263.54217529296875,7718222,GOOG,2010-04-27,1219.6700439453125,22.71999931335449,387.7900085449219,861,4,17
8387,265.05648803710943,266.41641235351557,259.54217529296875,263.60693359375,263.60693359375,6837734,GOOG,2010-04-28,1224.5899658203125,22.79999923706055,388.5799865722656,862,4,17
8388,265.68911743164057,267.248291015625,262.35165405273443,265.00668334960943,265.00668334960943,6140731,GOOG,2010-04-29,1238.800048828125,23.04999923706055,392.3399963378906,863,4,17
8389,264.57330322265625,267.83609008789057,261.73895263671875,261.86843872070307,261.86843872070307,4889057,GOOG,2010-04-30,1205.6700439453125,22.420000076293945,383.5299987792969,864,4,17
8390,262.2669677734375,265.4649658203125,261.55960083007807,264.30929565429693,264.30929565429693,3729527,GOOG,2010-05-03,1226.3399658203125,22.79999923706055,388.7900085449219,865,5,18
8391,262.27691650390625,262.38650512695307,251.16357421875,252.2395477294922,252.2395477294922,12198151,GOOG,2010-05-04,1184.31005859375,22.020000457763672,377.3399963378906,866,5,18
8392,249.5546112060547,256.8970947265625,249.30056762695312,253.9282073974609,253.9282073974609,9198750,GOOG,2010-05-05,1175.4100341796875,21.8799991607666,375.1099853515625,867,5,18
8393,253.4250946044922,257.79373168945307,229.14112854003903,248.40391540527344,248.40391540527344,10037683,GOOG,2010-05-06,1139.300048828125,21.190000534057614,362.7799987792969,868,5,18
8394,249.05149841308597,251.7165069580078,239.76629638671875,245.6492462158203,245.6492462158203,10216150,GOOG,2010-05-07,1114.239990234375,20.729999542236328,354.30999755859375,869,5,18
8395,256.02536010742193,260.433837890625,255.3429107666016,259.8510131835937,259.8510131835937,8286946,GOOG,2010-05-10,1173.52001953125,21.799999237060547,371.8500061035156,870,5,19
8396,256.8721923828125,258.96932983398443,253.1610870361328,253.5745391845703,253.5745391845703,6670108,GOOG,2010-05-11,1171.06005859375,21.790000915527344,370.1499938964844,871,5,19
8397,255.06396484375,255.06396484375,250.0626983642578,251.7513732910156,251.7513732910156,7732475,GOOG,2010-05-12,1199.22998046875,22.32999992370605,378.4599914550781,872,5,19
8398,257.28564453125,260.02536010742193,254.2320709228516,254.4861297607422,254.4861297607422,6676532,GOOG,2010-05-13,1177.9300537109375,21.979999542236328,373.25,873,5,19
8399,253.9331970214844,254.5409240722656,247.1984405517578,252.8173828125,252.8173828125,8262856,GOOG,2010-05-14,1148.550048828125,21.40999984741211,365.67999267578125,874,5,19
8400,252.44378662109372,253.2308349609375,248.24452209472656,253.03656005859372,253.03656005859372,5608544,GOOG,2010-05-17,1155.5699462890625,21.51000022888184,366.5400085449219,875,5,20
8401,254.0477600097656,254.5309600830078,247.60690307617188,248.2544860839844,248.2544860839844,5672181,GOOG,2010-05-18,1135.47998046875,21.190000534057614,360.6000061035156,876,5,20
8402,247.2034149169922,248.7874755859375,242.95933532714844,246.29183959960938,246.29183959960938,6917231,GOOG,2010-05-19,1130.8199462890625,21.07999992370605,358.1700134277344,877,5,20
8403,241.6293182373047,241.88336181640625,236.01535034179688,236.61810302734372,236.61810302734372,9863433,GOOG,2010-05-20,1090.77001953125,20.34000015258789,345.44000244140625,878,5,20
8404,233.6542053222656,241.59445190429688,231.33290100097656,235.1436309814453,235.1436309814453,19454247,GOOG,2010-05-21,1109.31005859375,20.59000015258789,348.9100036621094,879,5,20
8405,239.4674224853516,243.9804992675781,237.5097503662109,237.6890869140625,237.6890869140625,8723777,GOOG,2010-05-24,1096.010009765625,20.3799991607666,346.92999267578125,880,5,21
8406,233.20091247558597,237.8335418701172,231.13864135742188,237.64425659179688,237.64425659179688,6057420,GOOG,2010-05-25,1094.2900390625,20.350000381469727,341.989990234375,881,5,21
8407,240.13491821289062,243.96556091308597,236.6131134033203,236.8472442626953,236.8472442626953,6977255,GOOG,2010-05-26,1085.9300537109377,20.200000762939453,342.7099914550781,882,5,21
8408,241.5695343017578,245.2357940673828,239.62681579589844,244.3142547607422,244.3142547607422,5639258,GOOG,2010-05-27,1135.8599853515625,21.149999618530273,354.8299865722656,883,5,21
8409,245.4499969482422,245.8036651611328,240.5981750488281,241.90826416015625,241.90826416015625,5811301,GOOG,2010-05-28,1125.4000244140623,21.020000457763672,351.79998779296875,884,5,21
8410,239.31797790527344,244.61312866210938,239.1635589599609,240.2843475341797,240.2843475341797,5353592,GOOG,2010-06-01,1106.8800048828123,20.600000381469727,348.5199890136719,886,6,22
8411,242.43130493164062,246.01287841796875,239.8310546875,245.76382446289062,245.76382446289062,5100647,GOOG,2010-06-02,1138.280029296875,21.209999084472656,356.1199951171875,887,6,22
8412,246.6305694580078,253.05149841308597,246.42633056640625,251.8559875488281,251.8559875488281,7328767,GOOG,2010-06-03,1155.030029296875,21.530000686645508,360.1700134277344,888,6,22
8413,248.9269561767578,253.67416381835938,247.42259216308597,248.4288330078125,248.4288330078125,7869988,GOOG,2010-06-04,1111.7900390625,20.700000762939453,348.7799987792969,889,6,22
8414,248.5981903076172,249.51974487304688,240.6728973388672,241.8534698486328,241.8534698486328,7292633,GOOG,2010-06-07,1082.3399658203123,20.13999938964844,342.25,890,6,23
8415,243.01412963867188,243.5072784423828,237.8783721923828,241.4848480224609,241.4848480224609,5390329,GOOG,2010-06-08,1081.6600341796877,20.1200008392334,342.4100036621094,891,6,23
8416,242.70030212402344,243.52720642089844,235.11871337890625,236.12493896484372,236.12493896484372,5478458,GOOG,2010-06-09,1073.9200439453123,19.989999771118164,339.3999938964844,892,6,23
8417,239.2880859375,243.33790588378903,237.03155517578125,242.5956878662109,242.5956878662109,5175125,GOOG,2010-06-10,1107.469970703125,20.600000381469727,348.0400085449219,893,6,23
8418,240.3491058349609,243.4425201416016,239.91075134277344,243.33790588378903,243.33790588378903,3576756,GOOG,2010-06-11,1119.0699462890623,20.81999969482422,351.8900146484375,894,6,23
8419,246.31674194335938,246.3267059326172,240.6928253173828,240.6928253173828,240.6928253173828,4096096,GOOG,2010-06-14,1120.1600341796877,20.86000061035156,350.94000244140625,895,6,24
8420,240.63803100585938,249.26568603515625,240.1897125244141,248.065185546875,248.065185546875,8551132,GOOG,2010-06-15,1162.7099609375,21.670000076293945,361.010009765625,896,6,24
8421,247.15858459472656,251.05897521972656,247.1287078857422,249.69906616210938,249.69906616210938,4595762,GOOG,2010-06-16,1164.52001953125,21.709999084472656,361.8900146484375,897,6,24
8422,250.7849884033203,251.990478515625,247.4176177978516,249.10629272460938,249.10629272460938,3969423,GOOG,2010-06-17,1167.7900390625,21.770000457763672,363.6000061035156,898,6,24
8423,250.31675720214844,250.7949523925781,248.1349334716797,249.0813751220703,249.0813751220703,5767337,GOOG,2010-06-18,1167.550048828125,21.76000022888184,363.8500061035156,899,6,24
8424,249.0166320800781,249.54962158203125,241.53965759277344,243.3677978515625,243.3677978515625,5989366,GOOG,2010-06-21,1157.050048828125,21.549999237060547,360.9100036621094,900,6,25
8425,244.0352935791016,247.37278747558597,241.9580841064453,242.2171173095703,242.2171173095703,4456040,GOOG,2010-06-22,1140.9200439453125,21.209999084472656,357.6099853515625,901,6,25
8426,242.53591918945312,242.53591918945312,238.1872100830078,240.1249542236328,240.1249542236328,4073411,GOOG,2010-06-23,1139.3499755859375,21.200000762939453,356.010009765625,902,6,25
8427,238.93441772460938,240.47364807128903,235.74636840820312,236.66293334960938,236.66293334960938,3801395,GOOG,2010-06-24,1112.239990234375,20.690000534057614,349.54998779296875,903,6,25
8428,237.63926696777344,237.93316650390625,234.4014129638672,235.4574432373047,235.4574432373047,4507231,GOOG,2010-06-25,1110.6099853515623,20.700000762939453,347.6199951171875,904,6,25
8429,235.41261291503903,237.88336181640625,233.6293029785156,235.1585693359375,235.1585693359375,3537811,GOOG,2010-06-28,1109.780029296875,20.649999618530273,348.5400085449219,905,6,26
8430,230.85470581054688,231.4076232910156,224.7176971435547,226.28184509277344,226.28184509277344,7030453,GOOG,2010-06-29,1063.3699951171877,19.770000457763672,335.1499938964844,906,6,26
8431,226.6305389404297,228.0601806640625,221.52964782714844,221.64422607421875,221.64422607421875,7233411,GOOG,2010-06-30,1050.1199951171877,19.520000457763672,329.92999267578125,907,6,26
8432,221.81358337402344,223.3627777099609,216.0053558349609,218.92442321777344,218.92442321777344,7053540,GOOG,2010-07-01,1051.6600341796877,19.540000915527344,328.8299865722656,908,7,26
8433,219.9854431152344,220.314208984375,217.18592834472656,217.45989990234372,217.45989990234372,3886513,GOOG,2010-07-02,1047.449951171875,19.450000762939453,328.07000732421875,909,7,26
8434,221.1709899902344,222.9991455078125,216.0053558349609,217.22080993652344,217.22080993652344,5139392,GOOG,2010-07-06,1049.4000244140623,19.46999931335449,330.70001220703125,911,7,27
8435,218.3366241455078,224.8023834228516,216.8770904541016,224.2594146728516,224.2594146728516,6282862,GOOG,2010-07-07,1093.6099853515623,20.299999237060547,342.7900085449219,912,7,27
8436,225.92816162109372,227.8111114501953,223.9904327392578,227.42755126953125,227.42755126953125,5357807,GOOG,2010-07-08,1096.3699951171877,20.38999938964844,344.4599914550781,913,7,27
8437,235.09878540039062,235.74636840820312,230.5259246826172,232.87213134765625,232.87213134765625,8695471,GOOG,2010-07-09,1107.1400146484377,20.59000015258789,346.3900146484375,914,7,27
8438,235.3030242919922,238.8248291015625,234.66043090820312,237.0265655517578,237.0265655517578,6693796,GOOG,2010-07-12,1117.5,20.790000915527344,348.82000732421875,915,7,28
8439,240.22457885742188,245.57452392578125,239.2432556152344,243.6865997314453,243.6865997314453,7982408,GOOG,2010-07-13,1139.8399658203125,21.190000534057614,353.6000061035156,916,7,28
8440,244.02532958984372,245.99295043945312,242.32171630859372,244.7526092529297,244.7526092529297,6259374,GOOG,2010-07-14,1139.8399658203125,21.299999237060547,356.55999755859375,917,7,28
8441,244.94688415527344,246.42633056640625,240.43878173828125,246.0876007080078,246.0876007080078,9752819,GOOG,2010-07-15,1146.1300048828125,21.32999992370605,356.92999267578125,918,7,28
8442,233.68409729003903,234.4014129638672,228.9020233154297,228.9468536376953,228.9468536376953,15708259,GOOG,2010-07-16,1109.050048828125,20.649999618530273,346.4700012207031,919,7,28
8443,229.6442413330078,233.94810485839844,227.9057464599609,232.21958923339844,232.21958923339844,9134711,GOOG,2010-07-19,1127.949951171875,20.950000762939453,350.0899963378906,920,7,29
8444,229.6542053222656,240.59320068359372,229.44000244140625,239.89581298828125,239.89581298828125,8139395,GOOG,2010-07-20,1136.9100341796875,21.13999938964844,352.8599853515625,921,7,29
8445,241.0963134765625,241.9431304931641,236.8273162841797,237.8584442138672,237.8584442138672,6583785,GOOG,2010-07-21,1111.050048828125,20.65999984741211,347.9100036621094,922,7,29
8446,240.71275329589844,243.57701110839844,240.3391571044922,241.4998016357422,241.4998016357422,4311500,GOOG,2010-07-22,1143.5799560546875,21.270000457763672,357.3299865722656,923,7,29
8447,239.4873504638672,244.37901306152344,239.1087646484375,244.114990234375,244.114990234375,4545775,GOOG,2010-07-23,1153.8399658203125,21.459999084472656,359.3699951171875,924,7,29
8448,243.63180541992188,244.45870971679688,241.53466796875,243.5720367431641,243.5720367431641,4005357,GOOG,2010-07-26,1165.1600341796875,21.65999984741211,361.510009765625,925,7,30
8449,244.3740234375,247.82110595703125,244.16978454589844,245.39520263671875,245.39520263671875,4920775,GOOG,2010-07-27,1161.1700439453125,21.600000381469727,362.010009765625,926,7,30
8450,246.5458831787109,246.70030212402344,240.4337921142578,241.27066040039062,241.27066040039062,5010711,GOOG,2010-07-28,1147.3800048828125,21.34000015258789,358.57000732421875,927,7,30
8451,242.0676727294922,243.52720642089844,238.77003479003903,241.58946228027344,241.58946228027344,5371057,GOOG,2010-07-29,1139.93994140625,21.200000762939453,355.20001220703125,928,7,30
8452,238.92942810058597,242.77003479003903,238.6753845214844,241.5197296142578,241.5197296142578,4304273,GOOG,2010-07-30,1138.969970703125,21.18000030517578,353.57000732421875,929,7,30
8453,243.58200073242188,245.71897888183597,242.56082153320312,244.28933715820312,244.28933715820312,3731334,GOOG,2010-08-02,1159.0999755859375,21.549999237060547,360.7900085449219,930,8,31
8454,244.3341827392578,245.31051635742188,242.47116088867188,244.00042724609372,244.00042724609372,3618111,GOOG,2010-08-03,1155.2900390625,21.479999542236328,359.42999267578125,931,8,31
8455,245.1710357666016,252.55337524414062,244.608154296875,252.2146453857422,252.2146453857422,7653580,GOOG,2010-08-04,1166.050048828125,21.690000534057614,361.6199951171875,932,8,31
8456,252.0004425048828,253.3503875732422,250.8397979736328,253.101318359375,253.101318359375,4858945,GOOG,2010-08-05,1159.18994140625,21.559999465942386,360.1000061035156,933,8,31
8457,251.75634765625,251.92572021484372,247.09881591796875,249.176025390625,249.176025390625,6663885,GOOG,2010-08-06,1158.1300048828125,21.540000915527344,358.9700012207031,934,8,31
8458,250.18724060058597,251.80616760253903,249.743896484375,251.7314453125,251.7314453125,3758435,GOOG,2010-08-09,1164.8699951171875,21.65999984741211,360.6199951171875,935,8,32
8459,250.23704528808597,252.05523681640625,248.35411071777344,250.9145050048828,250.9145050048828,4163548,GOOG,2010-08-10,1148.300048828125,21.36000061035156,356.29998779296875,936,8,32
8460,247.9356689453125,248.07017517089844,244.83230590820312,244.9518585205078,244.9518585205078,4462665,GOOG,2010-08-11,1113.52001953125,20.700000762939453,347.0199890136719,937,8,32
8461,241.06642150878903,246.45123291015625,240.3540954589844,245.0863494873047,245.0863494873047,4425727,GOOG,2010-08-12,1093.760009765625,20.31999969482422,341.1099853515625,938,8,32
8462,243.58697509765625,244.67788696289062,242.0975646972656,242.2669219970703,242.2669219970703,3883903,GOOG,2010-08-13,1089.949951171875,20.299999237060547,338.8399963378906,939,8,32
8463,240.93690490722656,244.02035522460938,239.35284423828125,241.88833618164062,241.88833618164062,2619783,GOOG,2010-08-16,1092.800048828125,20.309999465942386,340.2200012207031,940,8,33
8464,243.3528594970703,246.42633056640625,242.10752868652344,244.34413146972656,244.34413146972656,3795574,GOOG,2010-08-17,1106.2099609375,20.59000015258789,344.05999755859375,941,8,33
8465,244.3042907714844,244.5184783935547,239.8758850097656,240.1747589111328,240.1747589111328,5392939,GOOG,2010-08-18,1112.27001953125,20.709999084472656,345.6199951171875,942,8,33
8466,239.6068878173828,240.3540954589844,232.7525787353516,233.1112365722656,233.1112365722656,7879424,GOOG,2010-08-19,1103.52001953125,20.540000915527344,341.2099914550781,943,8,33
8467,233.1112365722656,234.91448974609372,229.6492156982422,230.14735412597656,230.14735412597656,7864568,GOOG,2010-08-20,1111.6199951171877,20.709999084472656,341.0400085449219,944,8,33
8468,229.8883209228516,233.25071716308597,228.01036071777344,231.16851806640625,231.16851806640625,5994786,GOOG,2010-08-23,1097.8900146484377,20.459999084472656,337.739990234375,945,8,34
8469,227.99542236328125,228.32916259765625,224.6180725097656,224.85220336914062,224.85220336914062,5546111,GOOG,2010-08-24,1082.550048828125,20.1299991607666,332.25,946,8,34
8470,224.1597900390625,228.0502166748047,224.1597900390625,226.46116638183597,226.46116638183597,5203632,GOOG,2010-08-25,1087.9200439453123,20.239999771118164,333.8299865722656,947,8,34
8471,227.1784820556641,227.7762451171875,224.37896728515625,224.64796447753903,224.64796447753903,3567321,GOOG,2010-08-26,1075.4599609375,20.040000915527344,330.1099853515625,948,8,34
8472,225.4350128173828,229.1361389160156,222.9891815185547,228.5583038330078,228.5583038330078,4642135,GOOG,2010-08-27,1092.68994140625,20.31999969482422,334.0,949,8,34
8473,228.71771240234372,229.0215759277344,225.3652801513672,225.4997711181641,225.4997711181641,2472031,GOOG,2010-08-30,1073.8699951171877,20.0,330.010009765625,950,8,35
8474,224.21458435058597,226.5857086181641,223.1635284423828,224.1697540283203,224.1697540283203,3908194,GOOG,2010-08-31,1063.9100341796877,19.809999465942386,328.1199951171875,951,8,35
8475,226.6405029296875,231.60189819335938,225.40512084960938,229.30551147460938,229.30551147460938,6480801,GOOG,2010-09-01,1096.8900146484377,20.40999984741211,336.8800048828125,952,9,35
8476,230.55581665039062,231.3478546142578,229.2955474853516,230.7251892089844,230.7251892089844,3381026,GOOG,2010-09-02,1113.199951171875,20.71999931335449,339.9100036621094,953,9,35
8477,234.3814849853516,235.05894470214844,232.84722900390625,234.2718963623047,234.2718963623047,5099844,GOOG,2010-09-03,1129.1400146484375,21.020000457763672,345.69000244140625,954,9,35
8478,231.3827209472656,232.9219512939453,230.64547729492188,231.33290100097656,231.33290100097656,3432618,GOOG,2010-09-07,1118.6800537109377,20.82999992370605,343.44000244140625,956,9,36
8479,231.72642517089844,235.36778259277344,231.3876953125,234.41136169433597,234.41136169433597,4821605,GOOG,2010-09-08,1132.530029296875,21.09000015258789,344.05999755859375,957,9,36
8480,238.0228271484375,239.30303955078125,234.41136169433597,237.20091247558597,237.20091247558597,4879421,GOOG,2010-09-09,1134.9100341796875,21.1299991607666,344.6099853515625,958,9,36
8481,238.61561584472656,238.99917602539062,236.6529693603516,237.1809844970703,237.1809844970703,3963400,GOOG,2010-09-10,1131.0699462890625,21.020000457763672,344.67999267578125,959,9,36
8482,239.55209350585938,241.27066040039062,238.8696594238281,240.2345428466797,240.2345428466797,4499803,GOOG,2010-09-13,1158.6400146484375,21.549999237060547,351.8599853515625,960,9,37
8483,240.1050262451172,241.46990966796875,239.1436309814453,239.31797790527344,239.31797790527344,4449616,GOOG,2010-09-14,1167.2099609375,21.75,353.75,961,9,37
8484,239.0788726806641,240.04525756835938,238.3565826416016,239.42259216308597,239.42259216308597,4823613,GOOG,2010-09-15,1171.0699462890625,21.799999237060547,355.80999755859375,962,9,37
8485,239.0788726806641,240.3242034912109,238.80987548828125,239.63180541992188,239.63180541992188,3953764,GOOG,2010-09-16,1175.2099609375,21.88999938964844,358.260009765625,963,9,37
8486,240.97178649902344,244.6828765869141,239.6915740966797,244.1598358154297,244.1598358154297,11325492,GOOG,2010-09-17,1178.9200439453125,21.950000762939453,359.9200134277344,964,9,37
8487,245.3304443359375,254.2519989013672,245.11126708984372,253.19097900390625,253.19097900390625,8840011,GOOG,2010-09-20,1191.0999755859375,22.170000076293945,364.9800109863281,965,9,38
8488,253.88836669921875,259.01913452148443,253.5048065185547,255.77130126953125,255.77130126953125,8966082,GOOG,2010-09-21,1189.800048828125,22.15999984741211,364.4599914550781,966,9,38
8489,255.4724273681641,257.92324829101557,254.88462829589844,257.0365600585937,257.0365600585937,5093219,GOOG,2010-09-22,1172.2099609375,21.84000015258789,362.3999938964844,967,9,38
8490,256.34414672851557,258.87466430664057,254.6953430175781,255.78126525878903,255.78126525878903,4652172,GOOG,2010-09-23,1173.68994140625,21.8700008392334,362.3800048828125,968,9,38
8491,259.89584350585943,262.92947387695307,258.162353515625,262.66049194335943,262.66049194335943,6738965,GOOG,2010-09-24,1206.4100341796875,22.459999084472656,370.1300048828125,969,9,38
8492,263.43756103515625,267.42263793945307,263.43756103515625,264.21466064453125,264.21466064453125,6238095,GOOG,2010-09-27,1202.0699462890625,22.3799991607666,369.3900146484375,970,9,39
8493,265.74392700195307,265.7987060546875,258.25698852539057,262.6007080078125,262.6007080078125,7336797,GOOG,2010-09-28,1214.0,22.60000038146973,369.7699890136719,971,9,39
8494,262.939453125,265.47494506835943,261.37530517578125,262.8597412109375,262.8597412109375,4360684,GOOG,2010-09-29,1220.9599609375,22.739999771118164,369.8999938964844,972,9,39
8495,263.59197998046875,264.94192504882807,258.49111938476557,261.91329956054693,261.91329956054693,6512519,GOOG,2010-09-30,1214.530029296875,22.6299991607666,367.8599853515625,973,9,39
8496,264.01043701171875,264.3192749023437,260.52349853515625,261.82861328125,261.82861328125,4466680,GOOG,2010-10-01,1215.0999755859375,22.6299991607666,367.42999267578125,974,10,39
8497,261.49484252929693,263.13870239257807,258.45623779296875,260.19970703125,260.19970703125,3895547,GOOG,2010-10-04,1199.719970703125,22.34000015258789,363.4200134277344,975,10,40
8498,263.20346069335943,268.99176025390625,262.2918701171875,268.11004638671875,268.11004638671875,7040491,GOOG,2010-10-05,1227.9300537109375,22.86000061035156,371.67999267578125,976,10,40
8499,268.62313842773443,268.96685791015625,263.98052978515625,266.17730712890625,266.17730712890625,5545308,GOOG,2010-10-06,1204.239990234375,22.40999984741211,369.4200134277344,977,10,40
8500,267.10382080078125,267.59698486328125,263.58203125,264.01541137695307,264.01541137695307,4809560,GOOG,2010-10-07,1212.510009765625,22.57999992370605,369.42999267578125,978,10,40
8501,265.3902587890625,267.79623413085943,262.82485961914057,267.17355346679693,267.17355346679693,5739834,GOOG,2010-10-08,1219.9599609375,22.71999931335449,373.010009765625,979,10,40
8502,268.23458862304693,271.28317260742193,267.58203125,268.41390991210943,268.41390991210943,5272288,GOOG,2010-10-11,1221.469970703125,22.739999771118164,373.260009765625,980,10,41
8503,269.05154418945307,271.97555541992193,267.890869140625,269.68414306640625,269.68414306640625,7535339,GOOG,2010-10-12,1235.4100341796875,23.0,375.95001220703125,981,10,41
8504,272.47866821289057,272.7227783203125,270.15240478515625,270.63558959960943,270.63558959960943,6134106,GOOG,2010-10-13,1246.9100341796875,23.21999931335449,379.4200134277344,982,10,41
8505,271.07394409179693,271.60696411132807,267.55215454101557,269.4550170898437,269.4550170898437,13317932,GOOG,2010-10-14,1243.7099609375,23.149999618530273,379.8900146484375,983,10,41
8506,298.5160827636719,299.6966552734375,294.6954040527344,299.6020202636719,299.6020202636719,29760734,GOOG,2010-10-15,1265.760009765625,23.57999992370605,387.5899963378906,984,10,41
8507,299.1536865234375,308.6879577636719,299.1536865234375,307.70166015625,307.70166015625,14249612,GOOG,2010-10-18,1266.0899658203125,23.559999465942386,389.45001220703125,985,10,42
8508,303.2882080078125,306.2620544433594,300.30438232421875,302.7801208496094,302.7801208496094,9210193,GOOG,2010-10-19,1247.0400390625,23.229999542236328,382.7200012207031,986,10,42
8509,302.9345397949219,307.5372619628906,302.61572265625,302.8548278808594,302.8548278808594,7076626,GOOG,2010-10-20,1259.5799560546875,23.45000076293945,385.7200012207031,987,10,42
8510,304.61322021484375,306.849853515625,301.8685302734375,304.8523254394531,304.8523254394531,5862894,GOOG,2010-10-21,1259.0899658203125,23.440000534057614,386.260009765625,988,10,42
8511,304.8174743652344,306.2620544433594,303.8859558105469,305.121337890625,305.121337890625,4529113,GOOG,2010-10-22,1280.0899658203125,23.809999465942386,388.3800048828125,989,10,42
8512,306.6456298828125,311.2035217285156,306.3367614746094,307.0989074707031,307.0989074707031,6340477,GOOG,2010-10-25,1287.4599609375,23.96999931335449,389.4200134277344,990,10,43
8513,305.4052734375,309.455078125,304.3741455078125,308.1449890136719,308.1449890136719,5044638,GOOG,2010-10-26,1290.3800048828125,24.020000457763672,389.9599914550781,991,10,43
8514,306.73529052734375,308.8423767089844,305.0216979980469,307.083984375,307.083984375,4500606,GOOG,2010-10-27,1305.43994140625,24.309999465942386,391.5899963378906,992,10,43
8515,308.8672790527344,309.34051513671875,305.5048828125,308.1350402832031,308.1350402832031,4384975,GOOG,2010-10-28,1303.3299560546875,24.239999771118164,391.8500061035156,993,10,43
8516,307.3828430175781,308.34423828125,305.3504638671875,305.7041320800781,305.7041320800781,4573679,GOOG,2010-10-29,1310.8699951171875,24.40999984741211,391.5799865722656,994,10,43
8517,306.7153625488281,309.171142578125,304.46380615234375,306.3517150878906,306.3517150878906,6197342,GOOG,2010-11-01,1308.300048828125,24.36000061035156,392.92999267578125,995,11,44
8518,308.17987060546875,308.8423767089844,306.14251708984375,306.6506042480469,306.6506042480469,4010175,GOOG,2010-11-02,1319.6400146484375,24.53000068664551,396.5400085449219,996,11,44
8519,307.5970458984375,309.75396728515625,305.6045227050781,308.9320373535156,308.9320373535156,6786342,GOOG,2010-11-03,1322.6600341796875,24.6200008392334,398.3500061035156,997,11,44
8520,311.1537170410156,313.78387451171875,309.8884582519531,310.96942138671875,310.96942138671875,7168368,GOOG,2010-11-04,1348.5799560546875,25.09000015258789,404.6099853515625,998,11,44
8521,310.42645263671875,311.5771179199219,309.39532470703125,311.3728942871094,311.3728942871094,3544637,GOOG,2010-11-05,1348.449951171875,25.07999992370605,404.7300109863281,999,11,44
8522,310.8448791503906,313.5696716308594,310.40155029296875,312.2147521972656,312.2147521972656,4218352,GOOG,2010-11-08,1352.75,25.15999984741211,404.9100036621094,1000,11,45
8523,313.8236999511719,314.24713134765625,309.096435546875,311.2433776855469,311.2433776855469,4491171,GOOG,2010-11-09,1349.510009765625,25.11000061035156,403.67999267578125,1001,11,45
8524,309.8785095214844,310.3367919921875,307.6020202636719,310.2770080566406,310.2770080566406,5012719,GOOG,2010-11-10,1353.9300537109375,25.190000534057614,404.6000061035156,1002,11,45
8525,308.69293212890625,308.7676696777344,305.95819091796875,307.442626953125,307.442626953125,4540154,GOOG,2010-11-11,1337.1500244140625,24.90999984741211,397.5299987792969,1003,11,45
8526,305.8486022949219,307.29815673828125,299.4824523925781,300.5185852050781,300.5185852050781,6811436,GOOG,2010-11-12,1322.4599609375,24.6299991607666,391.9100036621094,1004,11,45
8527,300.4139709472656,300.87225341796875,295.91583251953125,296.6231689453125,296.6231689453125,6983880,GOOG,2010-11-15,1316.9599609375,24.520000457763672,390.2200012207031,1005,11,46
8528,295.27325439453125,297.82867431640625,290.6356201171875,290.7701110839844,290.7701110839844,6639594,GOOG,2010-11-16,1291.739990234375,24.059999465942386,382.9400024414063,1006,11,46
8529,291.4077453613281,293.6493225097656,289.5995178222656,290.6854248046875,290.6854248046875,4903310,GOOG,2010-11-17,1296.68994140625,24.18000030517578,382.760009765625,1007,11,46
8530,293.4002685546875,298.8697509765625,293.18109130859375,297.1661376953125,297.1661376953125,5199416,GOOG,2010-11-18,1322.9100341796875,24.649999618530273,389.7099914550781,1008,11,46
8531,297.38531494140625,297.82867431640625,294.0677490234375,294.3118591308594,294.3118591308594,4612223,GOOG,2010-11-19,1329.489990234375,24.75,390.6300048828125,1009,11,46
8532,292.63812255859375,295.6119689941406,290.28692626953125,294.5061340332031,294.5061340332031,4389592,GOOG,2010-11-22,1339.489990234375,24.96999931335449,392.92999267578125,1010,11,47
8533,292.4089660644531,293.4052429199219,288.0204162597656,290.41644287109375,290.41644287109375,4341412,GOOG,2010-11-23,1317.5999755859375,24.56999969482422,387.239990234375,1011,11,47
8534,292.55841064453125,297.1860656738281,292.42889404296875,296.3741149902344,296.3741149902344,4810765,GOOG,2010-11-24,1345.739990234375,25.09000015258789,393.9599914550781,1012,11,47
8535,294.1275329589844,295.3828430175781,292.40399169921875,293.8984069824219,293.8984069824219,2632029,GOOG,2010-11-26,1337.780029296875,24.95000076293945,392.2099914550781,1014,11,47
8536,293.4849548339844,293.79876708984375,288.89215087890625,289.9681396484375,289.9681396484375,5740838,GOOG,2010-11-29,1331.5899658203125,24.81999969482422,388.4100036621094,1015,11,48
8537,286.0876770019531,286.0876770019531,275.62188720703125,276.81741333007807,276.81741333007807,14288156,GOOG,2010-11-30,1315.22998046875,24.540000915527344,384.45001220703125,1016,11,48
8538,280.44882202148443,284.7178039550781,280.14993286132807,281.12127685546875,281.12127685546875,7536343,GOOG,2010-12-01,1353.739990234375,25.229999542236328,393.0700073242188,1017,12,48
8539,283.26824951171875,285.5945129394531,281.6194152832031,284.84234619140625,284.84234619140625,5114900,GOOG,2010-12-02,1374.8499755859375,25.6299991607666,398.0199890136719,1018,12,48
8540,283.6617736816406,287.16363525390625,282.9394836425781,285.4301452636719,285.4301452636719,5282125,GOOG,2010-12-03,1384.010009765625,25.78000068664551,399.1199951171875,1019,12,48
8541,289.20098876953125,289.913330078125,287.2283935546875,288.1001281738281,288.1001281738281,4203296,GOOG,2010-12-06,1380.3599853515625,25.71999931335449,399.3999938964844,1020,12,49
8542,294.5310363769531,295.3927917480469,291.9058532714844,292.4737243652344,292.4737243652344,6107206,GOOG,2010-12-07,1383.1400146484375,25.770000457763672,399.3699951171875,1021,12,49
8543,294.8797302246094,295.1536865234375,290.75518798828125,294.1673889160156,294.1673889160156,3526971,GOOG,2010-12-08,1392.4300537109375,25.940000534057614,402.8699951171875,1022,12,49
8544,295.8311462402344,296.677978515625,293.4002685546875,294.6455993652344,294.6455993652344,3751810,GOOG,2010-12-09,1388.75,25.8700008392334,402.8500061035156,1023,12,49
8545,295.4625244140625,295.8859558105469,294.0428466796875,294.999267578125,294.999267578125,3422179,GOOG,2010-12-10,1395.8199462890625,26.03000068664551,404.8699951171875,1024,12,49
8546,297.4450988769531,300.3741149902344,295.9357604980469,296.19976806640625,296.19976806640625,4814980,GOOG,2010-12-13,1386.77001953125,25.82999992370605,406.4200134277344,1025,12,50
8547,297.4301452636719,298.0279235839844,295.1337585449219,296.34423828125,296.34423828125,3298919,GOOG,2010-12-14,1385.31005859375,25.79999923706055,403.8800048828125,1026,12,50
8548,295.9905700683594,297.1113586425781,293.4749755859375,294.0478515625,294.0478515625,4351650,GOOG,2010-12-15,1371.0999755859375,25.54999923706055,401.6600036621094,1027,12,50
8549,295.3180847167969,295.7763671875,292.93701171875,294.7502136230469,294.7502136230469,3205771,GOOG,2010-12-16,1383.010009765625,25.78000068664551,402.6099853515625,1028,12,50
8550,294.3965148925781,295.1736145019531,292.73773193359375,294.2969055175781,294.2969055175781,6197342,GOOG,2010-12-17,1386.97998046875,25.86000061035156,403.1000061035156,1029,12,50
8551,296.2147216796875,297.82366943359375,293.23089599609375,296.4189453125,296.4189453125,3961393,GOOG,2010-12-20,1383.8800048828125,25.770000457763672,403.3699951171875,1030,12,51
8552,298.1673889160156,301.2309265136719,297.6891784667969,300.40899658203125,300.40899658203125,3773090,GOOG,2010-12-21,1397.5,25.989999771118164,405.92999267578125,1031,12,51
8553,300.87225341796875,302.3666687011719,300.51361083984375,301.6144714355469,301.6144714355469,2424052,GOOG,2010-12-22,1395.1700439453125,25.93000030517578,405.7799987792969,1032,12,51
8554,301.5397644042969,301.8685302734375,299.89093017578125,300.98681640625,300.98681640625,2229927,GOOG,2010-12-23,1390.5699462890625,25.82999992370605,404.42999267578125,1033,12,51
8555,300.2445983886719,300.7626647949219,298.6306457519531,300.0652770996094,300.0652770996094,2425257,GOOG,2010-12-27,1393.3199462890625,25.899999618530273,406.489990234375,1035,12,52
8556,299.9009094238281,300.8074951171875,297.888427734375,298.34173583984375,298.34173583984375,2137582,GOOG,2010-12-28,1388.97998046875,25.809999465942386,405.7799987792969,1036,12,52
8557,299.8759765625,300.0802307128906,298.34173583984375,299.37786865234375,299.37786865234375,2046040,GOOG,2010-12-29,1390.3699951171875,25.84000015258789,406.8800048828125,1037,12,52
8558,297.8834533691406,299.542236328125,297.57958984375,298.3118591308594,298.3118591308594,1986418,GOOG,2010-12-30,1389.0,25.809999465942386,405.3900146484375,1038,12,52
8559,297.25579833984375,298.0926818847656,294.90960693359375,295.8759765625,295.8759765625,3090139,GOOG,2010-12-31,1383.949951171875,25.709999084472656,404.5499877929688,1039,12,52
8560,297.1263122558594,301.6642761230469,297.1263122558594,301.0466003417969,301.0466003417969,4748131,GOOG,2011-01-03,1403.1400146484375,26.04999923706055,410.3800048828125,1040,1,1
8561,301.6792297363281,301.95819091796875,298.93951416015625,299.9357604980469,299.9357604980469,3662677,GOOG,2011-01-04,1396.9200439453125,25.959999084472656,409.9200134277344,1041,1,1
8562,298.9145812988281,304.02545166015625,298.9046325683594,303.3977966308594,303.3977966308594,5083583,GOOG,2011-01-05,1415.0999755859375,26.290000915527344,412.2999877929688,1042,1,1
8563,304.1997985839844,308.060302734375,303.8859558105469,305.6045227050781,305.6045227050781,4131026,GOOG,2011-01-06,1428.2900390625,26.53000068664551,416.3500061035156,1043,1,1
8564,306.8050231933594,307.97064208984375,303.9258117675781,307.06903076171875,307.06903076171875,4218152,GOOG,2011-01-07,1424.739990234375,26.459999084472656,413.5199890136719,1044,1,1
8565,306.2521057128906,306.5459899902344,303.14373779296875,305.95819091796875,305.95819091796875,3170238,GOOG,2011-01-10,1430.3800048828125,26.56999969482422,415.8900146484375,1045,1,2
8566,307.70166015625,308.24462890625,306.1026611328125,306.8548278808594,306.8548278808594,2889390,GOOG,2011-01-11,1432.780029296875,26.61000061035156,416.6400146484375,1046,1,2
8567,308.5185852050781,308.5185852050781,306.2371520996094,307.2832336425781,307.2832336425781,3277640,GOOG,2011-01-12,1453.6800537109375,26.989999771118164,420.3999938964844,1047,1,2
8568,307.3330383300781,308.6780090332031,305.93328857421875,307.1935729980469,307.1935729980469,2678000,GOOG,2011-01-13,1453.5699462890625,26.989999771118164,419.8699951171875,1048,1,2
8569,307.5472412109375,310.96942138671875,307.3878479003906,310.9245910644531,310.9245910644531,4748934,GOOG,2011-01-14,1476.969970703125,27.43000030517578,422.92999267578125,1049,1,2
8570,311.8610534667969,319.79632568359375,311.467529296875,318.6207275390625,318.6207275390625,7261115,GOOG,2011-01-18,1481.9200439453125,27.540000915527344,424.9800109863281,1051,1,3
8571,319.861083984375,320.2795104980469,313.65435791015625,314.6954345703125,314.6954345703125,6837734,GOOG,2011-01-19,1459.8800048828125,27.09000015258789,420.9400024414063,1052,1,3
8572,314.9245910644531,315.8560791015625,310.4812316894531,312.2147521972656,312.2147521972656,11012724,GOOG,2011-01-20,1437.6300048828125,26.68000030517578,419.3299865722656,1053,1,3
8573,318.5958251953125,319.66680908203125,304.53851318359375,304.77264404296875,304.77264404296875,17875552,GOOG,2011-01-21,1429.4100341796875,26.54999923706055,418.1099853515625,1054,1,3
8574,302.6506042480469,305.1014099121094,299.492431640625,304.3990478515625,304.3990478515625,9232878,GOOG,2011-01-24,1453.989990234375,26.989999771118164,422.95001220703125,1055,1,4
8575,302.96441650390625,309.18609619140625,302.1275634765625,308.79754638671875,308.79754638671875,7320938,GOOG,2011-01-25,1443.3699951171875,26.770000457763672,422.0,1056,1,4
8576,309.00677490234375,310.0827331542969,306.4912109375,307.0989074707031,307.0989074707031,4091479,GOOG,2011-01-26,1450.22998046875,26.920000076293945,426.2900085449219,1057,1,4
8577,307.79132080078125,308.69293212890625,305.47998046875,307.2433776855469,307.2433776855469,4053537,GOOG,2011-01-27,1465.93994140625,27.209999084472656,429.1400146484375,1058,1,4
8578,308.3791198730469,309.0216979980469,298.7601623535156,299.37286376953125,299.37286376953125,8493918,GOOG,2011-01-28,1429.8299560546875,26.540000915527344,418.8200073242188,1059,1,4
8579,300.6730041503906,301.10638427734375,296.66302490234375,299.0590515136719,299.0590515136719,5630827,GOOG,2011-01-31,1436.0400390625,26.65999984741211,419.5,1060,1,5
8580,301.1163330078125,305.52978515625,300.4289245605469,304.3791198730469,304.3791198730469,5511180,GOOG,2011-02-01,1470.719970703125,27.290000915527344,429.0499877929688,1061,2,5
8581,304.35919189453125,306.02294921875,302.63067626953125,304.8573303222656,304.8573303222656,3534599,GOOG,2011-02-02,1475.8199462890625,27.38999938964844,430.4800109863281,1062,2,5
8582,303.6020202636719,304.5833435058594,301.93328857421875,303.9357604980469,303.9357604980469,3001408,GOOG,2011-02-03,1475.9300537109375,27.40999984741211,430.3200073242188,1063,2,5
8583,303.9357604980469,304.578369140625,302.1723937988281,304.3492126464844,304.3492126464844,3113226,GOOG,2011-02-04,1491.6700439453125,27.68000030517578,433.5700073242188,1064,2,5
8584,303.9407653808594,308.0403747558594,303.467529296875,305.998046875,305.998046875,3612691,GOOG,2011-02-07,1495.199951171875,27.76000022888184,437.0400085449219,1065,2,6
8585,306.3168640136719,308.6580810546875,306.1076354980469,308.035400390625,308.035400390625,3402506,GOOG,2011-02-08,1497.93994140625,27.809999465942386,437.75,1066,2,6
8586,307.2832336425781,308.56842041015625,305.02667236328125,307.0989074707031,307.0989074707031,3698812,GOOG,2011-02-09,1491.31005859375,27.690000534057614,436.239990234375,1067,2,6
8587,305.80377197265625,307.5970458984375,304.6381530761719,307.06903076171875,307.06903076171875,4686300,GOOG,2011-02-10,1493.3399658203125,27.729999542236328,434.45001220703125,1068,2,6
8588,305.7489929199219,311.3330383300781,305.3554382324219,311.083984375,311.083984375,5199215,GOOG,2011-02-11,1502.1500244140625,27.899999618530273,435.9200134277344,1069,2,6
8589,310.5061340332031,313.6443786621094,308.8623046875,312.90216064453125,312.90216064453125,4271953,GOOG,2011-02-14,1510.0999755859375,28.03000068664551,436.5700073242188,1070,2,7
8590,312.48870849609375,313.8685302734375,310.3865966796875,310.9096374511719,310.9096374511719,4199683,GOOG,2011-02-15,1500.9300537109375,27.8799991607666,434.6199951171875,1071,2,7
8591,311.6468811035156,312.08026123046875,309.8884582519531,310.94451904296875,310.94451904296875,3380624,GOOG,2011-02-16,1516.010009765625,28.170000076293945,437.1199951171875,1072,2,7
8592,309.4650573730469,312.453857421875,308.98187255859375,311.4625549316406,311.4625549316406,2968686,GOOG,2011-02-17,1524.1300048828125,28.31999969482422,438.6400146484375,1073,2,7
8593,311.8311767578125,314.4114990234375,310.9245910644531,313.8635559082031,313.8635559082031,6459923,GOOG,2011-02-18,1526.5899658203125,28.35000038146973,437.7900085449219,1074,2,7
8594,308.8573303222656,311.2981872558594,302.7502136230469,303.9656677246094,303.9656677246094,7307086,GOOG,2011-02-22,1470.4100341796875,27.309999465942386,428.8599853515625,1076,2,8
8595,304.02545166015625,306.2022705078125,300.87225341796875,304.5185852050781,304.5185852050781,5800862,GOOG,2011-02-23,1443.0699462890625,26.79999923706055,421.3500061035156,1077,2,8
8596,304.553466796875,305.4002990722656,299.5522155761719,303.27325439453125,303.27325439453125,5443728,GOOG,2011-02-24,1456.93994140625,27.09000015258789,422.7900085449219,1078,2,8
8597,304.7875671386719,306.2122497558594,303.61199951171875,303.8809814453125,303.8809814453125,3879286,GOOG,2011-02-25,1489.1800537109375,27.65999984741211,428.4800109863281,1079,2,8
8598,303.8610534667969,307.09393310546875,302.8697814941406,305.5547180175781,305.5547180175781,4580103,GOOG,2011-02-28,1480.1099853515625,27.51000022888184,429.0299987792969,1080,2,9
8599,307.7365417480469,308.4538269042969,298.5310363769531,299.25830078125,299.25830078125,6671312,GOOG,2011-03-01,1452.1600341796875,26.96999931335449,422.2699890136719,1081,3,9
8600,298.78009033203125,301.8685302734375,296.48370361328125,299.27325439453125,299.27325439453125,4068593,GOOG,2011-03-02,1463.8599853515625,27.18000030517578,423.8299865722656,1082,3,9
8601,302.05780029296875,304.603271484375,301.3703918457031,303.6418762207031,303.6418762207031,3905183,GOOG,2011-03-03,1494.489990234375,27.770000457763672,431.1400146484375,1083,3,9
8602,303.0291748046875,303.35296630859375,298.9793395996094,299.1885681152344,299.1885681152344,6044572,GOOG,2011-03-04,1482.4200439453125,27.54999923706055,428.0199890136719,1084,3,9
8603,299.1536865234375,300.71783447265625,292.40399169921875,294.7253112792969,294.7253112792969,6951358,GOOG,2011-03-07,1456.030029296875,27.03000068664551,420.45001220703125,1085,3,10
8604,295.3579406738281,297.8735046386719,293.9980163574219,295.049072265625,295.049072265625,4586929,GOOG,2011-03-08,1464.72998046875,27.21999931335449,424.6499938964844,1086,3,10
8605,294.3965148925781,296.1449890136719,291.7813415527344,294.78009033203125,294.78009033203125,4318125,GOOG,2011-03-09,1444.6199951171875,26.82999992370605,422.20001220703125,1087,3,10
8606,291.6269226074219,292.2147216796875,288.6430969238281,289.0664978027344,289.0664978027344,6279650,GOOG,2011-03-10,1413.0400390625,26.26000022888184,413.5400085449219,1088,3,10
8607,288.0303955078125,288.91705322265625,285.5945129394531,287.2781982421875,287.2781982421875,6086729,GOOG,2011-03-11,1422.969970703125,26.40999984741211,416.20001220703125,1089,3,10
8608,285.33050537109375,288.06524658203125,282.9494323730469,283.9307556152344,283.9307556152344,5653311,GOOG,2011-03-14,1414.97998046875,26.26000022888184,412.95001220703125,1090,3,11
8609,277.70907592773443,284.4338684082031,276.71279907226557,283.716552734375,283.716552734375,8041228,GOOG,2011-03-15,1393.6600341796875,25.85000038146973,408.1199951171875,1091,3,11
8610,282.9444580078125,283.8311462402344,274.61068725585943,277.50982666015625,277.50982666015625,7625475,GOOG,2011-03-16,1363.97998046875,25.29999923706055,396.2200012207031,1092,3,11
8611,281.18603515625,283.4375915527344,279.223388671875,279.63186645507807,279.63186645507807,5820335,GOOG,2011-03-17,1376.6600341796875,25.54999923706055,400.9200134277344,1093,3,11
8612,281.2657470703125,282.9344787597656,278.82489013671875,279.482421875,279.482421875,6621928,GOOG,2011-03-18,1378.030029296875,25.559999465942386,401.3999938964844,1094,3,11
8613,284.0453186035156,288.81744384765625,283.44757080078125,287.1736145019531,287.1736145019531,6064446,GOOG,2011-03-21,1403.77001953125,26.07999992370605,409.7799987792969,1095,3,12
8614,287.5571594238281,288.53350830078125,285.1860656738281,287.5820617675781,287.5820617675781,3787945,GOOG,2011-03-22,1398.5999755859375,25.989999771118164,407.989990234375,1096,3,12
8615,286.52105712890625,290.1374816894531,284.9320068359375,289.9930419921875,289.9930419921875,3646015,GOOG,2011-03-23,1411.6600341796875,26.229999542236328,409.0400085449219,1097,3,12
8616,291.6219177246094,293.0964050292969,288.3193054199219,292.3492126464844,292.3492126464844,4213133,GOOG,2011-03-24,1445.0699462890625,26.84000015258789,417.0199890136719,1098,3,12
8617,292.3442077636719,292.3591613769531,288.5384826660156,288.7875671386719,288.7875671386719,5738228,GOOG,2011-03-25,1441.72998046875,26.78000068664551,417.6400146484375,1099,3,12
8618,289.9482116699219,291.4027404785156,286.2819519042969,286.6057434082031,286.6057434082031,4453430,GOOG,2011-03-28,1434.6800537109375,26.649999618530273,417.7300109863281,1100,3,13
8619,286.9245300292969,289.8585510253906,285.43511962890625,289.7788391113281,289.7788391113281,3221630,GOOG,2011-03-29,1450.18994140625,26.920000076293945,418.010009765625,1101,3,13
8620,291.098876953125,291.65679931640625,289.20599365234375,289.8336181640625,289.8336181640625,2855262,GOOG,2011-03-30,1453.8599853515625,27.0,419.1000061035156,1102,3,13
8621,290.4114685058594,292.9818420410156,289.7838134765625,292.2844543457031,292.2844543457031,4074013,GOOG,2011-03-31,1454.4599609375,27.020000457763672,417.6300048828125,1103,3,13
8622,293.28070068359375,296.48370361328125,293.28070068359375,294.7950439453125,294.7950439453125,5245990,GOOG,2011-04-01,1452.739990234375,26.959999084472656,418.3399963378906,1104,4,13
8623,295.3927917480469,296.2595520019531,290.4612731933594,292.74273681640625,292.74273681640625,4124402,GOOG,2011-04-04,1445.25,26.82999992370605,415.1199951171875,1105,4,14
8624,289.4550476074219,289.6592712402344,281.7838134765625,283.4824523925781,283.4824523925781,12140335,GOOG,2011-04-05,1446.280029296875,26.84000015258789,416.7699890136719,1106,4,14
8625,285.02166748046875,286.506103515625,282.9394836425781,286.0179443359375,286.0179443359375,5356603,GOOG,2011-04-06,1454.280029296875,26.979999542236328,417.80999755859375,1107,4,14
8626,286.7900390625,289.2358703613281,286.0229187011719,288.91705322265625,288.91705322265625,5081977,GOOG,2011-04-07,1450.3499755859375,26.93000030517578,418.05999755859375,1108,4,14
8627,291.3529357910156,291.3529357910156,287.95068359375,288.00048828125,288.00048828125,3817857,GOOG,2011-04-08,1443.6800537109375,26.78000068664551,415.5400085449219,1109,4,14
8628,287.024169921875,287.9706115722656,285.4301452636719,287.6069641113281,287.6069641113281,3730330,GOOG,2011-04-11,1440.4000244140625,26.729999542236328,414.20001220703125,1110,4,15
8629,286.4263916015625,287.3778381347656,282.9643859863281,284.2395935058594,284.2395935058594,4186835,GOOG,2011-04-12,1425.5899658203125,26.46999931335449,411.1900024414063,1111,4,15
8630,286.6804504394531,287.7215576171875,284.8074645996094,287.06402587890625,287.06402587890625,4154313,GOOG,2011-04-13,1440.8900146484375,26.76000022888184,413.6099853515625,1112,4,15
8631,286.52105712890625,288.6430969238281,284.9818115234375,288.1748352050781,288.1748352050781,10953503,GOOG,2011-04-14,1442.5400390625,26.790000915527344,412.7300109863281,1113,4,15
8632,271.62686157226557,271.85601806640625,264.04031372070307,264.359130859375,264.359130859375,28192678,GOOG,2011-04-15,1440.949951171875,26.770000457763672,411.0299987792969,1114,4,15
8633,262.22711181640625,262.84478759765625,258.53097534179693,262.43630981445307,262.43630981445307,10117381,GOOG,2011-04-18,1422.8900146484375,26.40999984741211,408.1400146484375,1115,4,16
8634,263.98550415039057,264.44879150390625,259.4774169921875,259.79122924804693,259.79122924804693,5388321,GOOG,2011-04-19,1426.3499755859375,26.46999931335449,408.6700134277344,1116,4,16
8635,261.96807861328125,262.42636108398443,259.72149658203125,261.88339233398443,261.88339233398443,6142939,GOOG,2011-04-20,1472.3399658203125,27.31999969482422,419.3399963378906,1117,4,16
8636,262.76010131835943,263.15362548828125,260.21963500976557,261.569580078125,261.569580078125,4958717,GOOG,2011-04-21,1477.06005859375,27.420000076293945,422.9100036621094,1118,4,16
8637,261.644287109375,262.51602172851557,260.03033447265625,261.544677734375,261.544677734375,3273825,GOOG,2011-04-25,1483.260009765625,27.53000068664551,424.25,1120,4,17
8638,262.27691650390625,267.71652221679693,261.62435913085943,265.4151611328125,265.4151611328125,7026238,GOOG,2011-04-26,1495.97998046875,27.770000457763672,427.5,1121,4,17
8639,267.9954833984375,268.05029296875,266.17730712890625,267.87594604492193,267.87594604492193,4614030,GOOG,2011-04-27,1501.4200439453125,27.85000038146973,429.5400085449219,1122,4,17
8640,268.02536010742193,268.6181640625,266.04281616210943,267.98052978515625,267.98052978515625,4014993,GOOG,2011-04-28,1498.2099609375,27.809999465942386,429.1700134277344,1123,4,17
8641,268.99176025390625,271.03408813476557,268.24954223632807,271.03408813476557,271.03408813476557,8488699,GOOG,2011-04-29,1494.8800048828125,27.770000457763672,429.8299865722656,1124,4,17
8642,271.83111572265625,271.84603881835943,267.55712890625,268.27444458007807,268.27444458007807,4283395,GOOG,2011-05-02,1487.5799560546875,27.60000038146973,428.0799865722656,1125,5,18
8643,267.56210327148443,269.99301147460943,263.8261108398437,265.94815063476557,265.94815063476557,4178604,GOOG,2011-05-03,1472.2099609375,27.31999969482422,425.5499877929688,1126,5,18
8644,266.58578491210943,268.49362182617193,265.5147705078125,266.89462280273443,266.89462280273443,4249870,GOOG,2011-05-04,1468.8699951171875,27.26000022888184,426.17999267578125,1127,5,18
8645,265.9332275390625,268.70285034179693,264.75762939453125,266.137451171875,266.137451171875,4010576,GOOG,2011-05-05,1469.780029296875,27.28000068664551,424.17999267578125,1128,5,18
8646,268.07022094726557,269.71902465820307,266.5907592773437,266.65054321289057,266.65054321289057,4127614,GOOG,2011-05-06,1481.280029296875,27.5,425.3200073242188,1129,5,18
8647,266.5010986328125,268.23956298828125,264.55838012695307,267.83609008789057,267.83609008789057,3912008,GOOG,2011-05-09,1482.0799560546875,27.520000457763672,426.8800048828125,1130,5,19
8648,268.99176025390625,271.198486328125,267.766357421875,270.3167724609375,270.3167724609375,4101115,GOOG,2011-05-10,1496.989990234375,27.770000457763672,429.8299865722656,1131,5,19
8649,269.06149291992193,270.7601318359375,265.84854125976557,266.72525024414057,266.72525024414057,4695133,GOOG,2011-05-11,1481.800048828125,27.520000457763672,426.3699951171875,1132,5,19
8650,266.62063598632807,267.46746826171875,264.46371459960943,266.5260009765625,266.5260009765625,2907457,GOOG,2011-05-12,1497.0899658203125,27.76000022888184,429.0199890136719,1133,5,19
8651,266.30682373046875,266.95938110351557,263.53720092773443,263.7862548828125,263.7862548828125,4233208,GOOG,2011-05-13,1472.300048828125,27.32999992370605,423.7900085449219,1134,5,19
8652,262.1723022460937,262.6505126953125,257.23580932617193,258.24203491210943,258.24203491210943,5938576,GOOG,2011-05-16,1446.989990234375,26.85000038146973,417.3599853515625,1135,5,20
8653,256.75262451171875,264.61813354492193,256.55337524414057,264.23956298828125,264.23956298828125,6631965,GOOG,2011-05-17,1440.469970703125,26.739999771118164,416.239990234375,1136,5,20
8654,263.78128051757807,264.1748046875,261.86843872070307,263.915771484375,263.915771484375,3921042,GOOG,2011-05-18,1461.5,27.15999984741211,419.7699890136719,1137,5,20
8655,265.37033081054693,267.26821899414057,263.87094116210943,264.63308715820307,264.63308715820307,4955907,GOOG,2011-05-19,1461.5,27.13999938964844,419.6099853515625,1138,5,20
8656,264.90707397460943,265.001708984375,260.5882568359375,261.0365600585937,261.0365600585937,4652373,GOOG,2011-05-20,1456.0999755859375,27.040000915527344,417.3299865722656,1139,5,20
8657,257.33544921875,259.02908325195307,255.74142456054688,258.22711181640625,258.22711181640625,4617242,GOOG,2011-05-23,1429.68994140625,26.54999923706055,412.1000061035156,1140,5,21
8658,259.21340942382807,261.001708984375,258.1075439453125,258.162353515625,258.162353515625,3814243,GOOG,2011-05-24,1420.010009765625,26.3700008392334,409.3299865722656,1141,5,21
8659,257.69906616210943,260.408935546875,257.65924072265625,258.86471557617193,258.86471557617193,2612957,GOOG,2011-05-25,1425.760009765625,26.489999771118164,411.2099914550781,1142,5,21
8660,257.88339233398443,260.08514404296875,256.53842163085943,258.0975952148437,258.0975952148437,4252881,GOOG,2011-05-26,1441.8900146484375,26.790000915527344,413.4599914550781,1143,5,21
8661,258.27194213867193,259.92074584960943,257.18600463867193,259.4774169921875,259.4774169921875,3504687,GOOG,2011-05-27,1453.3800048828125,27.01000022888184,415.6000061035156,1144,5,21
8662,261.51974487304693,263.53720092773443,260.77255249023443,263.52224731445307,263.52224731445307,5394745,GOOG,2011-05-31,1472.530029296875,27.3799991607666,422.0400085449219,1146,5,22
8663,263.03408813476557,265.60446166992193,261.6741943359375,261.81863403320307,261.81863403320307,5933959,GOOG,2011-06-01,1433.280029296875,26.649999618530273,412.8299865722656,1147,6,22
8664,262.79995727539057,264.15985107421875,260.26446533203125,263.04403686523443,263.04403686523443,4425526,GOOG,2011-06-02,1438.2099609375,26.71999931335449,413.3299865722656,1148,6,22
8665,260.02536010742193,262.81491088867193,259.7763061523437,260.5633544921875,260.5633544921875,3510108,GOOG,2011-06-03,1409.6400146484375,26.209999084472656,407.510009765625,1149,6,22
8666,260.79248046875,262.42636108398443,258.65548706054693,259.55712890625,259.55712890625,3898759,GOOG,2011-06-06,1396.780029296875,25.940000534057614,404.7099914550781,1150,6,23
8667,260.4686889648437,261.33544921875,258.52597045898443,258.5458984375,258.5458984375,3829500,GOOG,2011-06-07,1397.56005859375,25.95000076293945,403.2200012207031,1151,6,23
8668,257.30056762695307,259.64678955078125,256.92697143554693,258.61563110351557,258.61563110351557,3319195,GOOG,2011-06-08,1376.6300048828125,25.56999969482422,399.8999938964844,1152,6,23
8669,259.02908325195307,259.02908325195307,256.85723876953125,257.40020751953125,257.40020751953125,3390862,GOOG,2011-06-09,1377.5799560546875,25.60000038146973,400.2200012207031,1153,6,23
8670,256.08013916015625,257.38027954101557,253.694091796875,253.80368041992188,253.80368041992188,4898091,GOOG,2011-06-10,1357.239990234375,25.239999771118164,394.25,1154,6,23
8671,254.0477600097656,254.14739990234372,250.1473846435547,251.422607421875,251.422607421875,4872796,GOOG,2011-06-13,1350.5400390625,25.06999969482422,394.1900024414063,1155,6,24
8672,253.126220703125,256.08013916015625,252.5483856201172,253.23580932617188,253.23580932617188,4700553,GOOG,2011-06-14,1370.1800537109375,25.440000534057614,400.2099914550781,1156,6,24
8673,251.57205200195312,253.2258453369141,249.37030029296875,250.5359344482422,250.5359344482422,4162142,GOOG,2011-06-15,1340.3399658203125,24.920000076293945,392.0,1157,6,24
8674,250.4661865234375,252.33917236328125,247.40765380859372,249.2507476806641,249.2507476806641,5534668,GOOG,2011-06-16,1327.260009765625,24.649999618530273,390.739990234375,1158,6,24
8675,252.1448974609375,252.39894104003903,241.49481201171875,241.6044006347656,241.6044006347656,10530122,GOOG,2011-06-17,1314.030029296875,24.399999618530273,390.5299987792969,1159,6,24
8676,241.59445190429688,242.2071533203125,238.72021484375,241.38522338867188,241.38522338867188,6079904,GOOG,2011-06-20,1318.5899658203125,24.5,391.0,1160,6,25
8677,242.6853485107422,246.0477600097656,241.4599456787109,245.5795135498047,245.5795135498047,5551531,GOOG,2011-06-21,1354.3499755859375,25.059999465942386,398.6099853515625,1161,6,25
8678,244.80740356445312,245.25572204589844,242.4562225341797,242.5956878662109,242.5956878662109,4832245,GOOG,2011-06-22,1344.8199462890625,24.88999938964844,395.3299865722656,1162,6,25
8679,240.1648101806641,240.5284423828125,235.98048400878903,239.2133636474609,239.2133636474609,9639396,GOOG,2011-06-23,1364.1300048828125,25.239999771118164,398.7300109863281,1163,6,25
8680,239.4425048828125,239.47738647460938,235.62681579589844,236.5533447265625,236.5533447265625,7639729,GOOG,2011-06-24,1333.72998046875,24.729999542236328,391.4400024414063,1164,6,25
8681,236.114990234375,243.28810119628903,235.9157257080078,240.49855041503903,240.49855041503903,6915223,GOOG,2011-06-27,1349.489990234375,24.979999542236328,396.9200134277344,1165,6,26
8682,241.1062774658203,247.1785125732422,241.1062774658203,245.90328979492188,245.90328979492188,5450554,GOOG,2011-06-28,1362.5999755859375,25.229999542236328,402.0299987792969,1166,6,26
8683,247.3428955078125,249.1909637451172,245.27066040039062,247.85597229003903,247.85597229003903,4703564,GOOG,2011-06-29,1370.2099609375,25.3700008392334,405.05999755859375,1167,6,26
8684,250.05772399902344,252.38897705078125,249.8136444091797,252.24452209472656,252.24452209472656,4875004,GOOG,2011-06-30,1393.8299560546875,25.790000915527344,410.9100036621094,1168,6,26
8685,252.4238586425781,259.61688232421875,252.24452209472656,259.54217529296875,259.54217529296875,7300662,GOOG,2011-07-01,1416.989990234375,26.21999931335449,418.010009765625,1169,7,26
8686,261.669189453125,266.70034790039057,261.669189453125,265.22586059570307,265.22586059570307,7727255,GOOG,2011-07-05,1415.0,26.21999931335449,418.6600036621094,1171,7,27
8687,265.75387573242193,268.24954223632807,265.52474975585943,266.680419921875,266.680419921875,5411408,GOOG,2011-07-06,1414.7099609375,26.190000534057614,420.7099914550781,1172,7,27
8688,269.48989868164057,274.31179809570307,266.939453125,272.2794189453125,272.2794189453125,7900502,GOOG,2011-07-07,1439.6300048828125,26.649999618530273,426.6400146484375,1173,7,27
8689,265.4799194335937,267.82113647460943,262.6505126953125,265.001708984375,265.001708984375,9576160,GOOG,2011-07-08,1428.6400146484375,26.45000076293945,422.4700012207031,1174,7,27
8690,263.10382080078125,266.9892578125,261.76882934570307,262.655517578125,262.655517578125,5699885,GOOG,2011-07-11,1400.530029296875,25.93000030517578,417.010009765625,1175,7,28
8691,263.0938720703125,268.70285034179693,262.01788330078125,266.0079345703125,266.0079345703125,5703699,GOOG,2011-07-12,1371.989990234375,25.399999618530273,413.1499938964844,1176,7,28
8692,267.49734497070307,270.98428344726557,267.23831176757807,268.125,268.125,5601317,GOOG,2011-07-13,1371.97998046875,25.420000076293945,414.239990234375,1177,7,28
8693,268.55340576171875,269.98800659179693,262.38153076171875,263.48239135742193,263.48239135742193,13348848,GOOG,2011-07-14,1349.75,25.01000022888184,410.30999755859375,1178,7,28
8694,297.6343994140625,299.0042724609375,292.9818420410156,297.6941833496094,297.6941833496094,27567143,GOOG,2011-07-15,1365.5899658203125,25.26000022888184,416.67999267578125,1179,7,28
8695,295.13873291015625,299.9009094238281,294.8946533203125,296.3591613769531,296.3591613769531,8970097,GOOG,2011-07-18,1352.0999755859375,25.01000022888184,415.3299865722656,1180,7,29
8696,296.9569396972656,301.21099853515625,296.653076171875,300.14996337890625,300.14996337890625,5957246,GOOG,2011-07-19,1387.239990234375,25.68000030517578,426.5299987792969,1181,7,29
8697,299.9656677246094,300.2894287109375,296.56341552734375,296.56341552734375,296.56341552734375,4472301,GOOG,2011-07-20,1371.0699462890625,25.36000061035156,424.70001220703125,1182,7,29
8698,295.9058837890625,302.8946838378906,295.8959045410156,302.3616638183594,302.3616638183594,6965009,GOOG,2011-07-21,1370.7900390625,25.35000038146973,426.95001220703125,1183,7,29
8699,301.5646667480469,308.59332275390625,301.0067443847656,307.960693359375,307.960693359375,7082849,GOOG,2011-07-22,1394.510009765625,25.790000915527344,431.92999267578125,1184,7,29
8700,305.5347900390625,311.53729248046875,305.3554382324219,308.33428955078125,308.33428955078125,6286676,GOOG,2011-07-25,1383.47998046875,25.59000015258789,431.2999877929688,1185,7,30
8701,307.87103271484375,312.578369140625,307.45758056640625,310.0976867675781,310.0976867675781,4703364,GOOG,2011-07-26,1391.199951171875,25.739999771118164,433.1000061035156,1186,7,30
8702,307.4376525878906,309.31561279296875,301.245849609375,302.47625732421875,302.47625732421875,7898294,GOOG,2011-07-27,1343.219970703125,24.85000038146973,420.3399963378906,1187,7,30
8703,301.46502685546875,306.8398742675781,300.3741149902344,304.32928466796875,304.32928466796875,6240102,GOOG,2011-07-28,1336.1199951171875,24.71999931335449,420.8500061035156,1188,7,30
8704,300.98681640625,306.331787109375,300.71783447265625,300.71783447265625,300.71783447265625,8305816,GOOG,2011-07-29,1327.6300048828125,24.56999969482422,417.3500061035156,1189,7,30
8705,304.4687805175781,306.6007995605469,298.47125244140625,302.2520751953125,302.2520751953125,7961932,GOOG,2011-08-01,1324.5899658203125,24.5,416.6900024414063,1190,8,31
8706,301.8685302734375,303.6966552734375,294.6804504394531,295.0939025878906,295.0939025878906,6425193,GOOG,2011-08-02,1289.5,23.84000015258789,410.7799987792969,1191,8,31
8707,296.0254211425781,300.3741149902344,290.72528076171875,299.4625549316406,299.4625549316406,7680079,GOOG,2011-08-03,1303.6800537109375,24.1200008392334,412.3299865722656,1192,8,31
8708,296.1399841308594,298.306884765625,287.65679931640625,287.68170166015625,287.68170166015625,9866042,GOOG,2011-08-04,1235.0699462890625,22.86000061035156,400.3900146484375,1193,8,31
8709,290.18231201171875,293.8984069824219,279.95068359375,288.4388732910156,288.4388732910156,11902647,GOOG,2011-08-05,1220.3699951171875,22.59000015258789,391.6099853515625,1194,8,31
8710,280.4388427734375,283.4375915527344,271.1586303710937,271.99050903320307,271.99050903320307,15049398,GOOG,2011-08-08,1144.1500244140625,21.200000762939453,368.9700012207031,1195,8,32
8711,279.45254516601557,286.2321472167969,269.494873046875,285.6343688964844,285.6343688964844,12987900,GOOG,2011-08-09,1197.6600341796875,22.149999618530273,385.760009765625,1196,8,32
8712,279.641845703125,281.0067138671875,272.84231567382807,273.4799194335937,273.4799194335937,10779453,GOOG,2011-08-10,1153.489990234375,21.3700008392334,370.1300048828125,1197,8,32
8713,275.87594604492193,283.18853759765625,273.18106079101557,280.01544189453125,280.01544189453125,9697413,GOOG,2011-08-11,1213.719970703125,22.450000762939453,385.6199951171875,1198,8,32
8714,283.6866760253906,284.184814453125,279.15365600585943,280.83236694335943,280.83236694335943,6332246,GOOG,2011-08-12,1221.280029296875,22.60000038146973,388.9200134277344,1199,8,32
8715,275.68167114257807,281.44009399414057,272.00546264648443,277.5745849609375,277.5745849609375,14343362,GOOG,2011-08-15,1243.4000244140625,23.01000022888184,393.510009765625,1200,8,33
8716,275.1835327148437,275.18853759765625,264.15985107421875,268.49362182617193,268.49362182617193,13930821,GOOG,2011-08-16,1225.6400146484375,22.690000534057614,391.6400146484375,1201,8,33
8717,269.00668334960943,270.82986450195307,264.3939819335937,265.5795288085937,265.5795288085937,8188779,GOOG,2011-08-17,1211.969970703125,22.450000762939453,387.17999267578125,1202,8,33
8718,260.75762939453125,261.4649658203125,249.31051635742188,251.4973297119141,251.4973297119141,12628558,GOOG,2011-08-18,1137.2099609375,21.059999465942386,367.8200073242188,1203,8,33
8719,248.7376708984375,256.47366333007807,244.5135040283203,244.54339599609372,244.54339599609372,10860556,GOOG,2011-08-19,1121.739990234375,20.799999237060547,357.7099914550781,1204,8,33
8720,251.05897521972656,252.55337524414062,246.34164428710938,248.1548614501953,248.1548614501953,9848577,GOOG,2011-08-22,1130.050048828125,20.920000076293945,360.1700134277344,1205,8,34
8721,250.80990600585938,259.73147583007807,248.5981903076172,258.4412841796875,258.4412841796875,8726186,GOOG,2011-08-23,1183.199951171875,21.90999984741211,374.3399963378906,1206,8,34
8722,258.69534301757807,264.01043701171875,257.64926147460943,260.66793823242193,260.66793823242193,7215946,GOOG,2011-08-24,1186.6500244140625,21.979999542236328,377.1700134277344,1207,8,34
8723,264.19970703125,267.6318359375,258.18228149414057,259.04901123046875,259.04901123046875,6610686,GOOG,2011-08-25,1160.77001953125,21.540000915527344,371.2999877929688,1208,8,34
8724,259.02410888671875,264.23458862304693,255.6119079589844,262.4462890625,262.4462890625,7219560,GOOG,2011-08-26,1193.7099609375,22.1299991607666,379.8500061035156,1209,8,34
8725,266.28192138671875,268.7177734375,265.78378295898443,268.53347778320307,268.53347778320307,4689110,GOOG,2011-08-29,1236.030029296875,22.899999618530273,390.3999938964844,1210,8,35
8726,268.09011840820307,270.48117065429693,264.41390991210943,269.3404541015625,269.3404541015625,6000407,GOOG,2011-08-30,1240.4100341796875,22.989999771118164,391.3900146484375,1211,8,35
8727,271.3529052734375,272.1300048828125,266.99920654296875,269.469970703125,269.469970703125,5406790,GOOG,2011-08-31,1240.010009765625,22.96999931335449,391.5700073242188,1212,8,35
8728,269.3653564453125,270.89959716796875,264.61813354492193,265.25576782226557,265.25576782226557,4849108,GOOG,2011-09-01,1222.93994140625,22.649999618530273,387.3299865722656,1213,9,35
8729,261.2557373046875,262.97430419921875,259.39273071289057,261.4400634765625,261.4400634765625,4820401,GOOG,2011-09-02,1188.5899658203125,22.020000457763672,377.8299865722656,1214,9,35
8730,254.4462738037109,260.4039306640625,254.2968292236328,260.11502075195307,260.11502075195307,5451959,GOOG,2011-09-06,1186.6500244140625,22.01000022888184,376.010009765625,1216,9,36
8731,264.23458862304693,266.96932983398443,262.7152709960937,266.01791381835943,266.01791381835943,5532259,GOOG,2011-09-07,1231.449951171875,22.809999465942386,386.30999755859375,1217,9,36
8732,265.9033203125,268.54342651367193,264.95687866210943,266.48117065429693,266.48117065429693,4778845,GOOG,2011-09-08,1225.3399658203125,22.70000076293945,384.7900085449219,1218,9,36
8733,264.70782470703125,266.32675170898443,259.62188720703125,261.44503784179693,261.44503784179693,6562105,GOOG,2011-09-09,1199.18994140625,22.25,375.9400024414063,1219,9,36
8734,258.01290893554693,265.001708984375,257.78375244140625,264.0701904296875,264.0701904296875,5360819,GOOG,2011-09-12,1221.02001953125,22.649999618530273,380.6600036621094,1220,9,37
8735,265.00668334960943,265.94317626953125,260.72274780273443,263.77133178710943,263.77133178710943,4726048,GOOG,2011-09-13,1239.5,22.96999931335449,385.6499938964844,1221,9,37
8736,265.30059814453125,267.47244262695307,261.92822265625,265.04156494140625,265.04156494140625,5408999,GOOG,2011-09-14,1268.6300048828125,23.51000022888184,391.5899963378906,1222,9,37
8737,266.75015258789057,271.47244262695307,266.28192138671875,270.2669677734375,270.2669677734375,5943796,GOOG,2011-09-15,1285.5699462890625,23.809999465942386,398.5199890136719,1223,9,37
8738,271.38278198242193,272.39898681640625,270.55587768554693,272.3192749023437,272.3192749023437,7095095,GOOG,2011-09-16,1282.8599853515625,23.76000022888184,401.1199951171875,1224,9,37
8739,269.16610717773443,273.9232788085937,266.6903686523437,272.31430053710943,272.31430053710943,4955304,GOOG,2011-09-19,1269.5699462890625,23.54999923706055,402.260009765625,1225,9,38
8740,273.6741943359375,278.2171630859375,270.32177734375,272.2943725585937,272.2943725585937,5579033,GOOG,2011-09-20,1253.5999755859375,23.239999771118164,400.8399963378906,1226,9,38
8741,272.8223876953125,276.4637451171875,268.42388916015625,268.59326171875,268.59326171875,5047448,GOOG,2011-09-21,1235.5999755859375,22.88999938964844,395.67999267578125,1227,9,38
8742,262.14242553710943,263.4027099609375,256.040283203125,259.3578491210937,259.3578491210937,8833587,GOOG,2011-09-22,1190.3699951171875,22.06999969482422,383.05999755859375,1228,9,38
8743,257.31552124023443,262.22711181640625,256.28936767578125,261.7738037109375,261.7738037109375,5575420,GOOG,2011-09-23,1209.8599853515625,22.420000076293945,387.0499877929688,1229,9,38
8744,262.6405639648437,265.46994018554693,255.6667022705078,264.951904296875,264.951904296875,5288147,GOOG,2011-09-26,1226.699951171875,22.729999542236328,392.0199890136719,1230,9,39
8745,268.09512329101557,272.50360107421875,267.02413940429693,268.66299438476557,268.66299438476557,6044371,GOOG,2011-09-27,1248.5799560546875,23.13999938964844,396.3800048828125,1231,9,39
8746,269.73895263671875,270.99423217773443,262.86471557617193,263.43258666992193,263.43258666992193,4543567,GOOG,2011-09-28,1218.8599853515625,22.60000038146973,390.80999755859375,1232,9,39
8747,267.01913452148443,267.64678955078125,258.73519897460943,262.76510620117193,262.76510620117193,5834989,GOOG,2011-09-29,1208.8800048828125,22.38999938964844,389.25,1233,9,39
8748,259.13369750976557,261.02163696289057,256.22958374023443,256.558349609375,256.558349609375,5467617,GOOG,2011-09-30,1171.0699462890625,21.71999931335449,378.1900024414063,1234,9,39
8749,253.9730529785156,255.0440368652344,246.5757751464844,246.83480834960938,246.83480834960938,8982342,GOOG,2011-10-03,1136.1099853515625,21.040000915527344,371.7900085449219,1235,10,40
8750,244.1000518798828,250.78001403808597,239.4026641845703,250.0128936767578,250.0128936767578,8348776,GOOG,2011-10-04,1176.4300537109375,21.809999465942386,377.5499877929688,1236,10,40
8751,247.24826049804688,252.95187377929688,239.4873504638672,251.4076690673828,251.4076690673828,9102190,GOOG,2011-10-05,1219.3299560546875,22.559999465942386,385.010009765625,1237,10,40
8752,252.80242919921875,256.65301513671875,250.3615875244141,256.3939819335937,256.3939819335937,6874270,GOOG,2011-10-06,1242.43994140625,23.01000022888184,392.989990234375,1238,10,40
8753,257.45001220703125,259.27816772460943,254.19720458984372,256.59820556640625,256.59820556640625,5733209,GOOG,2011-10-07,1236.6700439453125,22.93000030517578,390.9100036621094,1239,10,40
8754,261.60943603515625,267.73147583007807,260.62310791015625,267.58203125,267.58203125,4661808,GOOG,2011-10-10,1274.06005859375,23.59000015258789,401.7300109863281,1240,10,41
8755,265.73397827148443,272.37905883789057,265.73397827148443,270.5758056640625,270.5758056640625,5728190,GOOG,2011-10-11,1278.6300048828125,23.68000030517578,406.8599853515625,1241,10,41
8756,273.04156494140625,276.57830810546875,271.298095703125,273.22589111328125,273.22589111328125,6379422,GOOG,2011-10-12,1287.219970703125,23.8799991607666,412.55999755859375,1242,10,41
8757,273.988037109375,278.45626831054693,272.98678588867193,278.4512939453125,278.4512939453125,11417837,GOOG,2011-10-13,1306.760009765625,24.25,413.1000061035156,1243,10,41
8758,298.61572265625,298.68048095703125,292.68792724609375,294.7352600097656,294.7352600097656,17123744,GOOG,2011-10-14,1325.780029296875,24.57999992370605,419.6300048828125,1244,10,41
8759,290.7701110839844,294.8099670410156,287.9208068847656,290.1175537109375,290.1175537109375,8046447,GOOG,2011-10-17,1296.1400146484375,23.989999771118164,414.3999938964844,1245,10,42
8760,289.01171875,295.1736145019531,287.6219177246094,294.1524353027344,294.1524353027344,7630093,GOOG,2011-10-18,1317.81005859375,24.440000534057614,416.0899963378906,1246,10,42
8761,292.5733642578125,294.924560546875,288.5285339355469,289.2657470703125,289.2657470703125,5884976,GOOG,2011-10-19,1291.18994140625,23.920000076293945,409.3800048828125,1247,10,42
8762,289.863525390625,293.345458984375,288.6729736328125,290.7452087402344,290.7452087402344,6783331,GOOG,2011-10-20,1281.219970703125,23.770000457763672,407.0,1248,10,42
8763,293.654296875,295.26824951171875,292.2545471191406,294.1424865722656,294.1424865722656,6807421,GOOG,2011-10-21,1313.1099853515625,24.35000038146973,412.7900085449219,1249,10,42
8764,292.2645263671875,298.8647766113281,292.1549377441406,297.0964050292969,297.0964050292969,6879490,GOOG,2011-10-24,1348.260009765625,24.96999931335449,420.7999877929688,1250,10,43
8765,295.4425964355469,296.3890686035156,290.3367614746094,290.4911804199219,290.4911804199219,5100045,GOOG,2011-10-25,1325.81005859375,24.60000038146973,413.6000061035156,1251,10,43
8766,293.6742248535156,293.9880676269531,285.36041259765625,292.0602722167969,292.0602722167969,5767738,GOOG,2011-10-26,1334.02001953125,24.709999084472656,414.510009765625,1252,10,43
8767,298.0926818847656,300.22467041015625,295.542236328125,298.21722412109375,298.21722412109375,7588939,GOOG,2011-10-27,1384.1500244140625,25.65999984741211,428.30999755859375,1253,10,43
8768,296.14996337890625,300.0254211425781,296.0154724121094,298.949462890625,298.949462890625,5034801,GOOG,2011-10-28,1389.699951171875,25.75,428.42999267578125,1254,10,43
8769,296.43389892578125,298.7253112792969,294.73028564453125,295.2134704589844,295.2134704589844,5134775,GOOG,2011-10-31,1355.8399658203125,25.1200008392334,421.5499877929688,1255,10,44
8770,288.9668884277344,291.6617736816406,287.2981262207031,288.2445983886719,288.2445983886719,6273627,GOOG,2011-11-01,1316.280029296875,24.38999938964844,412.75,1256,11,44
8771,291.35791015625,292.8822021484375,289.1561584472656,291.31805419921875,291.31805419921875,4257699,GOOG,2011-11-02,1332.719970703125,24.70000076293945,414.1900024414063,1257,11,44
8772,292.40399169921875,297.6343994140625,290.7701110839844,297.6343994140625,297.6343994140625,5359614,GOOG,2011-11-03,1370.4200439453125,25.38999938964844,422.45001220703125,1258,11,44
8773,295.6418762207031,298.7502136230469,295.1088562011719,296.9569396972656,296.9569396972656,5690851,GOOG,2011-11-04,1376.9599609375,25.54999923706055,421.9100036621094,1259,11,44
8774,295.55218505859375,303.2533264160156,295.0092468261719,303.0291748046875,303.0291748046875,6739969,GOOG,2011-11-07,1378.719970703125,25.54999923706055,422.0,1260,11,45
8775,303.3629150390625,306.03790283203125,300.6730041503906,305.02667236328125,305.02667236328125,6081510,GOOG,2011-11-08,1393.760009765625,25.85000038146973,429.55999755859375,1261,11,45
8776,301.00177001953125,303.55718994140625,298.21221923828125,299.35296630859375,299.35296630859375,7449819,GOOG,2011-11-09,1333.449951171875,24.75,414.239990234375,1262,11,45
8777,301.8336486816406,301.8436279296875,294.67547607421875,296.4289245605469,296.4289245605469,5758303,GOOG,2011-11-10,1340.25,24.8799991607666,414.2999877929688,1263,11,45
8778,299.5273132324219,304.90216064453125,298.1823425292969,303.03912353515625,303.03912353515625,7983814,GOOG,2011-11-11,1376.8800048828125,25.51000022888184,423.3399963378906,1264,11,45
8779,302.8647766113281,307.8859558105469,302.75518798828125,305.3554382324219,305.3554382324219,6401304,GOOG,2011-11-14,1364.3599853515625,25.290000915527344,420.3800048828125,1265,11,46
8780,305.2558288574219,307.8859558105469,304.110107421875,307.1288146972656,307.1288146972656,5372061,GOOG,2011-11-15,1381.199951171875,25.60000038146973,426.05999755859375,1266,11,46
8781,304.89715576171875,307.99554443359375,304.1649169921875,304.59332275390625,304.59332275390625,5236555,GOOG,2011-11-16,1365.97998046875,25.32999992370605,419.55999755859375,1267,11,46
8782,303.8859558105469,305.00177001953125,297.2757263183594,299.3131103515625,299.3131103515625,7012787,GOOG,2011-11-17,1318.6500244140625,24.479999542236328,410.0700073242188,1268,11,46
8783,299.8759765625,301.121337890625,295.7663879394531,296.32928466796875,296.32928466796875,6600046,GOOG,2011-11-18,1304.989990234375,24.209999084472656,407.4700012207031,1269,11,46
8784,292.7825927734375,293.15118408203125,284.9768371582031,289.38531494140625,289.38531494140625,6025099,GOOG,2011-11-21,1280.93994140625,23.770000457763672,399.6000061035156,1270,11,47
8785,288.91705322265625,291.3927917480469,286.54595947265625,288.91705322265625,288.91705322265625,4828631,GOOG,2011-11-22,1273.510009765625,23.65999984741211,399.010009765625,1271,11,47
8786,286.6007385253906,289.0415954589844,283.99053955078125,283.99053955078125,283.99053955078125,4669035,GOOG,2011-11-23,1239.1700439453125,23.03000068664551,389.42999267578125,1272,11,47
8787,281.53973388671875,286.0627746582031,279.61691284179693,280.44882202148443,280.44882202148443,3136513,GOOG,2011-11-25,1229.9000244140625,22.8700008392334,386.8699951171875,1274,11,47
8788,288.6032409667969,293.31060791015625,287.1736145019531,292.99676513671875,292.99676513671875,5679007,GOOG,2011-11-28,1273.8399658203125,23.63999938964844,400.3299865722656,1275,11,48
8789,292.84234619140625,294.0777282714844,289.57958984375,290.3765869140625,290.3765869140625,3677332,GOOG,2011-11-29,1268.22998046875,23.53000068664551,397.7999877929688,1276,11,48
8790,297.8585510253906,298.6356506347656,294.9394836425781,298.57586669921875,298.57586669921875,6819466,GOOG,2011-11-30,1330.219970703125,24.670000076293945,410.9400024414063,1277,11,48
8791,298.8797302246094,306.849853515625,298.381591796875,305.739013671875,305.739013671875,7268342,GOOG,2011-12-01,1337.06005859375,24.79999923706055,416.0799865722656,1278,12,48
8792,307.3728942871094,310.83489990234375,306.9793701171875,309.0216979980469,309.0216979980469,8202028,GOOG,2011-12-02,1327.0699462890625,24.6200008392334,416.8900146484375,1279,12,48
8793,312.64813232421875,314.7701721191406,310.03790283203125,311.6568298339844,311.6568298339844,6418970,GOOG,2011-12-05,1344.97998046875,24.979999542236328,420.5199890136719,1280,12,49
8794,310.331787109375,313.13629150390625,308.9619445800781,310.7203369140625,310.7203369140625,4670441,GOOG,2011-12-06,1339.3800048828125,24.85000038146973,419.6700134277344,1281,12,49
8795,309.67926025390625,311.66180419921875,307.89593505859375,310.53106689453125,310.53106689453125,4531522,GOOG,2011-12-07,1339.739990234375,24.920000076293945,420.7900085449219,1282,12,49
8796,309.3604431152344,312.553466796875,306.50115966796875,306.874755859375,306.874755859375,4844290,GOOG,2011-12-08,1310.8499755859375,24.29999923706055,415.95001220703125,1283,12,49
8797,307.84613037109375,313.3903503417969,307.35296630859375,312.5385437011719,312.5385437011719,5553137,GOOG,2011-12-09,1335.8399658203125,24.809999465942386,421.05999755859375,1284,12,49
8798,309.77886962890625,311.92083740234375,308.9868469238281,311.5273132324219,311.5273132324219,4384172,GOOG,2011-12-12,1311.989990234375,24.36000061035156,413.1300048828125,1285,12,50
8799,313.2060241699219,317.0914611816406,310.2620544433594,311.6468811035156,311.6468811035156,8086597,GOOG,2011-12-13,1292.0699462890625,23.979999542236328,411.1300048828125,1286,12,50
8800,309.763916015625,310.99432373046875,305.1014099121094,307.8809814453125,307.8809814453125,7836664,GOOG,2011-12-14,1265.1600341796875,23.46999931335449,403.7099914550781,1287,12,50
8801,310.0976867675781,310.83489990234375,308.1898193359375,308.6132507324219,308.6132507324219,4835256,GOOG,2011-12-15,1259.9200439453125,23.3700008392334,402.67999267578125,1288,12,50
8802,310.99432373046875,313.4849853515625,309.57464599609375,311.8112487792969,311.8112487792969,8952029,GOOG,2011-12-16,1265.5,23.51000022888184,404.1900024414063,1289,12,50
8803,312.8324279785156,313.0765075683594,308.8423767089844,309.75396728515625,309.75396728515625,4303069,GOOG,2011-12-19,1243.0400390625,23.07999992370605,399.2300109863281,1290,12,51
8804,312.82745361328125,314.7402648925781,312.8224792480469,314.0080261230469,314.0080261230469,4794303,GOOG,2011-12-20,1292.5799560546875,23.96999931335449,410.5199890136719,1291,12,51
8805,313.8287048339844,314.7303161621094,308.3243103027344,311.74151611328125,311.74151611328125,5014525,GOOG,2011-12-21,1268.3599853515625,23.53000068664551,403.4400024414063,1292,12,51
8806,312.80255126953125,314.68548583984375,312.33428955078125,313.6742858886719,313.6742858886719,3658261,GOOG,2011-12-22,1299.52001953125,24.11000061035156,407.4800109863281,1293,12,51
8807,314.8199768066406,316.15496826171875,314.1026611328125,315.3878479003906,315.3878479003906,2918298,GOOG,2011-12-23,1309.199951171875,24.29999923706055,411.760009765625,1294,12,51
8808,314.8448791503906,321.0416564941406,314.8199768066406,318.9295654296875,318.9295654296875,3224842,GOOG,2011-12-27,1310.1400146484375,24.29999923706055,413.489990234375,1296,12,52
8809,320.1748962402344,321.29571533203125,317.85858154296875,318.6556091308594,318.6556091308594,4270347,GOOG,2011-12-28,1291.530029296875,23.96999931335449,407.989990234375,1297,12,52
8810,319.5472717285156,320.2994384765625,316.41400146484375,320.00054931640625,320.00054931640625,3162610,GOOG,2011-12-29,1302.8800048828125,24.170000076293945,410.9800109863281,1298,12,52
8811,319.811279296875,322.17242431640625,319.811279296875,321.7440185546875,321.7440185546875,3577961,GOOG,2011-12-30,1300.56005859375,24.1200008392334,409.92999267578125,1299,12,52
8812,325.2508850097656,332.8274841308594,324.9669494628906,331.46258544921875,331.46258544921875,7380561,GOOG,2012-01-03,1318.4599609375,24.45000076293945,417.1900024414063,1301,1,1
8813,331.2733154296875,333.8735656738281,329.0765380859375,332.8922424316406,332.8922424316406,5749470,GOOG,2012-01-04,1314.969970703125,24.38999938964844,417.9100036621094,1302,1,1
8814,329.8287353515625,330.7452697753906,326.8897399902344,328.2745361328125,328.2745361328125,6590410,GOOG,2012-01-05,1330.4200439453125,24.70000076293945,419.8800048828125,1303,1,1
8815,328.34429931640625,328.7677001953125,323.6817626953125,323.79632568359375,323.79632568359375,5405987,GOOG,2012-01-06,1334.18994140625,24.76000022888184,420.5,1304,1,1
8816,322.04290771484375,322.2919616699219,309.455078125,310.0677795410156,310.0677795410156,11688849,GOOG,2012-01-09,1343.22998046875,24.95000076293945,420.3399963378906,1305,1,2
8817,313.6991882324219,315.71661376953125,307.30316162109375,310.4065246582031,310.4065246582031,8824152,GOOG,2012-01-10,1356.9100341796875,25.15999984741211,421.3399963378906,1306,1,2
8818,310.5858459472656,313.51983642578125,309.4002990722656,311.8112487792969,311.8112487792969,4817992,GOOG,2012-01-11,1361.2900390625,25.26000022888184,422.30999755859375,1307,1,2
8819,314.4314270019531,315.2633056640625,312.08026123046875,313.6443786621094,313.6443786621094,3764457,GOOG,2012-01-12,1367.280029296875,25.3799991607666,423.8599853515625,1308,1,2
8820,311.960693359375,312.3044128417969,309.3703918457031,311.32806396484375,311.32806396484375,4631897,GOOG,2012-01-13,1350.199951171875,25.03000068664551,419.760009765625,1309,1,2
8821,314.8100280761719,314.8100280761719,311.6717834472656,313.1163635253906,313.1163635253906,3832913,GOOG,2012-01-17,1361.02001953125,25.239999771118164,423.6400146484375,1311,1,3
8822,312.1449890136719,315.8162536621094,309.8984375,315.2732849121094,315.2732849121094,5544103,GOOG,2012-01-18,1397.8199462890625,25.95000076293945,429.8500061035156,1312,1,3
8823,319.2981872558594,319.2981872558594,314.5509948730469,318.5908508300781,318.5908508300781,12657868,GOOG,2012-01-19,1416.3900146484375,26.290000915527344,433.45001220703125,1313,1,3
8824,294.16241455078125,294.3965148925781,289.7638854980469,291.90087890625,291.90087890625,21231885,GOOG,2012-01-20,1414.3599853515625,26.26000022888184,433.42999267578125,1314,1,3
8825,291.9058532714844,293.23089599609375,290.4911804199219,291.666748046875,291.666748046875,6851385,GOOG,2012-01-23,1409.030029296875,26.15999984741211,436.1400146484375,1315,1,4
8826,292.0652770996094,292.74273681640625,287.9208068847656,289.3803405761719,289.3803405761719,6134508,GOOG,2012-01-24,1415.8699951171875,26.25,436.3500061035156,1316,1,4
8827,287.6767272949219,288.27447509765625,282.13250732421875,283.68170166015625,283.68170166015625,10012790,GOOG,2012-01-25,1428.219970703125,26.520000457763672,440.92999267578125,1317,1,4
8828,284.9220275878906,286.1673889160156,281.22091674804693,282.9892883300781,282.9892883300781,6476585,GOOG,2012-01-26,1414.52001953125,26.239999771118164,438.1700134277344,1318,1,4
8829,284.32427978515625,289.07647705078125,283.60198974609375,288.9071044921875,288.9071044921875,7262119,GOOG,2012-01-27,1422.5799560546875,26.420000076293945,438.1000061035156,1319,1,4
8830,287.9457092285156,288.91705322265625,285.62939453125,287.7663879394531,287.7663879394531,4678471,GOOG,2012-01-30,1421.3599853515625,26.36000061035156,440.1900024414063,1320,1,5
8831,290.4114685058594,290.90960693359375,286.5011291503906,288.97186279296875,288.97186279296875,4300860,GOOG,2012-01-31,1423.3599853515625,26.38999938964844,441.0499877929688,1321,1,5
8832,291.3778381347656,291.65679931640625,288.4886779785156,289.33050537109375,289.33050537109375,4658797,GOOG,2012-02-01,1453.8699951171875,26.989999771118164,445.1099853515625,1322,2,5
8833,291.3429870605469,292.110107421875,289.95318603515625,291.4625244140625,291.4625244140625,4847502,GOOG,2012-02-02,1462.6199951171875,27.15999984741211,446.2999877929688,1323,2,5
8834,294.2271728515625,297.4201965332031,292.9270324707031,297.05157470703125,297.05157470703125,6360753,GOOG,2012-02-03,1485.1700439453125,27.56999969482422,452.4700012207031,1324,2,5
8835,296.39404296875,304.2745056152344,295.8959045410156,303.4077453613281,303.4077453613281,7386784,GOOG,2012-02-06,1473.199951171875,27.35000038146973,452.5700073242188,1325,2,6
8836,302.4413757324219,303.55718994140625,300.7527160644531,302.2520751953125,302.2520751953125,4199883,GOOG,2012-02-07,1476.3199462890625,27.3700008392334,453.9700012207031,1326,2,6
8837,303.18359375,304.5335388183594,301.2408752441406,303.7863464355469,303.7863464355469,3686567,GOOG,2012-02-08,1490.280029296875,27.63999938964844,456.9400024414063,1327,2,6
8838,304.8672790527344,306.1026611328125,303.3629150390625,304.58831787109375,304.58831787109375,4546377,GOOG,2012-02-09,1501.9300537109375,27.86000061035156,461.6199951171875,1328,2,6
8839,302.8050231933594,302.9295349121094,300.87225341796875,301.8236999511719,301.8236999511719,4667831,GOOG,2012-02-10,1477.2900390625,27.440000534057614,458.2699890136719,1329,2,6
8840,304.110107421875,305.7738952636719,303.8710021972656,304.9569396972656,304.9569396972656,3646216,GOOG,2012-02-13,1482.3299560546875,27.51000022888184,460.8999938964844,1330,2,7
8841,304.628173828125,304.8573303222656,301.2508239746094,303.74151611328125,303.74151611328125,3620921,GOOG,2012-02-14,1489.1099853515625,27.61000061035156,461.9599914550781,1331,2,7
8842,305.3205871582031,305.3205871582031,300.1549377441406,301.64935302734375,301.64935302734375,4869986,GOOG,2012-02-15,1485.1099853515625,27.54999923706055,459.0700073242188,1332,2,7
8843,300.2844543457031,303.2682800292969,297.74896240234375,302.1275634765625,302.1275634765625,5080773,GOOG,2012-02-16,1515.9599609375,28.149999618530273,466.0400085449219,1333,2,7
8844,301.3554382324219,302.68048095703125,300.07525634765625,301.1910705566406,301.1910705566406,4916560,GOOG,2012-02-17,1500.219970703125,27.8700008392334,465.9599914550781,1334,2,7
8845,300.8074951171875,307.7863464355469,300.3143615722656,305.85357666015625,305.85357666015625,4980197,GOOG,2012-02-21,1490.969970703125,27.709999084472656,467.92999267578125,1336,2,8
8846,304.83740234375,307.2384033203125,302.2221984863281,302.83489990234375,302.83489990234375,3948746,GOOG,2012-02-22,1489.31005859375,27.649999618530273,466.4100036621094,1337,2,8
8847,302.3666687011719,302.83489990234375,299.0540771484375,301.9233093261719,301.9233093261719,4125405,GOOG,2012-02-23,1494.2099609375,27.78000068664551,468.0,1338,2,8
8848,302.541015625,304.6829833984375,301.62445068359375,303.8112487792969,303.8112487792969,3885710,GOOG,2012-02-24,1495.3900146484375,27.79999923706055,470.6000061035156,1339,2,8
8849,302.16241455078125,305.0366516113281,301.4002685546875,303.517333984375,303.517333984375,3641398,GOOG,2012-02-27,1496.0799560546875,27.79999923706055,471.1000061035156,1340,2,9
8850,303.8610534667969,308.7278137207031,302.70538330078125,308.0403747558594,308.0403747558594,5716547,GOOG,2012-02-28,1505.93994140625,27.96999931335449,475.1700134277344,1341,2,9
8851,308.1449890136719,311.6319274902344,306.6007995605469,307.97064208984375,307.97064208984375,6297316,GOOG,2012-02-29,1488.3399658203125,27.68000030517578,472.7900085449219,1342,2,9
8852,309.9681701660156,311.6817321777344,307.92083740234375,310.03790283203125,310.03790283203125,4492175,GOOG,2012-03-01,1497.050048828125,27.809999465942386,475.8500061035156,1343,3,9
8853,309.8386535644531,310.83489990234375,309.00177001953125,309.4650573730469,309.4650573730469,3158394,GOOG,2012-03-02,1491.43994140625,27.70000076293945,474.8599853515625,1344,3,9
8854,309.05657958984375,310.0827331542969,304.5484924316406,305.9781188964844,305.9781188964844,3198544,GOOG,2012-03-05,1468.8900146484375,27.28000068664551,470.3599853515625,1345,3,10
8855,302.88970947265625,303.2682800292969,295.81121826171875,301.3504638671875,301.3504638671875,6372597,GOOG,2012-03-06,1449.43994140625,26.95000076293945,465.2300109863281,1346,3,10
8856,303.3878173828125,304.4538269042969,301.7987976074219,302.26702880859375,302.26702880859375,2538479,GOOG,2012-03-07,1465.0699462890625,27.209999084472656,468.4400024414063,1347,3,10
8857,303.8809814453125,304.6082458496094,302.0428771972656,302.4364013671875,302.4364013671875,2701087,GOOG,2012-03-08,1481.0899658203125,27.559999465942386,473.6300048828125,1348,3,10
8858,302.8398742675781,304.8074951171875,298.8797302246094,299.0042724609375,299.0042724609375,5361220,GOOG,2012-03-09,1494.3599853515625,27.739999771118164,475.4800109863281,1349,3,10
8859,298.8797302246094,302.3666687011719,298.5111083984375,301.4450988769531,301.4450988769531,3350512,GOOG,2012-03-12,1488.97998046875,27.68000030517578,475.9599914550781,1350,3,11
8860,303.2383728027344,307.7713928222656,301.64434814453125,307.7365417480469,307.7365417480469,4508436,GOOG,2012-03-13,1523.0400390625,28.239999771118164,485.95001220703125,1351,3,11
8861,306.3517150878906,310.2272033691406,305.5845947265625,306.8448791503906,306.8448791503906,5895816,GOOG,2012-03-14,1515.010009765625,28.13999938964844,489.0,1352,3,11
8862,307.14874267578125,310.5858459472656,306.26702880859375,309.4052734375,309.4052734375,4888455,GOOG,2012-03-15,1528.0999755859375,28.40999984741211,490.3200073242188,1353,3,11
8863,309.2857360839844,311.7863464355469,308.8672790527344,311.35296630859375,311.35296630859375,6123868,GOOG,2012-03-16,1529.5799560546875,28.420000076293945,490.42999267578125,1354,3,11
8864,310.39654541015625,317.44512939453125,309.4600830078125,315.8062744140625,315.8062744140625,4361888,GOOG,2012-03-19,1536.530029296875,28.559999465942386,495.0700073242188,1355,3,12
8865,314.281982421875,316.8424072265625,312.46380615234375,315.56219482421875,315.56219482421875,3092548,GOOG,2012-03-20,1529.56005859375,28.40999984741211,493.6199951171875,1356,3,12
8866,316.1201171875,322.4862365722656,315.07403564453125,318.7950744628906,318.7950744628906,4957713,GOOG,2012-03-21,1535.31005859375,28.520000457763672,495.510009765625,1357,3,12
8867,318.0578308105469,323.1885986328125,314.32183837890625,321.8187561035156,321.8187561035156,4838468,GOOG,2012-03-22,1530.43994140625,28.45000076293945,491.8800048828125,1358,3,12
8868,322.09271240234375,323.0391845703125,319.25335693359375,320.09521484375,320.09521484375,3894945,GOOG,2012-03-23,1528.7099609375,28.40999984741211,491.7699890136719,1359,3,12
8869,321.29571533203125,323.5323181152344,318.5758972167969,323.4526062011719,323.4526062011719,3652038,GOOG,2012-03-26,1554.43994140625,28.8799991607666,500.1199951171875,1360,3,13
8870,322.3069152832031,325.52984619140625,321.1960754394531,322.30194091796875,322.30194091796875,4029447,GOOG,2012-03-27,1551.1800537109375,28.79999923706055,500.6600036621094,1361,3,13
8871,324.7975769042969,328.0653381347656,324.3243408203125,326.6556091308594,326.6556091308594,5096833,GOOG,2012-03-28,1539.6800537109375,28.59000015258789,499.4800109863281,1362,3,13
8872,325.49993896484375,327.0690612792969,320.947021484375,322.99432373046875,322.99432373046875,3863025,GOOG,2012-03-29,1541.1300048828125,28.649999618530273,498.3399963378906,1363,3,13
8873,324.6581115722656,325.52484130859375,319.30316162109375,319.4227294921875,319.4227294921875,4638722,GOOG,2012-03-30,1545.2900390625,28.690000534057614,497.95001220703125,1364,3,13
8874,319.1885986328125,322.5410461425781,316.23468017578125,322.2521057128906,322.2521057128906,4585523,GOOG,2012-04-02,1554.1400146484375,28.8799991607666,502.1099853515625,1365,4,14
8875,321.49993896484375,322.76519775390625,318.1275939941406,320.1101379394531,320.1101379394531,4105130,GOOG,2012-04-03,1540.300048828125,28.60000038146973,501.5799865722656,1366,4,14
8876,318.0329284667969,318.3069152832031,314.37164306640625,316.38909912109375,316.38909912109375,3267401,GOOG,2012-04-04,1511.9200439453125,28.1200008392334,494.6000061035156,1367,4,14
8877,314.93951416015625,317.0267028808594,313.11138916015625,314.9793701171875,314.9793701171875,4654782,GOOG,2012-04-05,1511.9100341796875,28.10000038146973,496.8200073242188,1368,4,14
8878,313.0665588378906,316.478759765625,311.4775085449219,314.2421569824219,314.2421569824219,4381763,GOOG,2012-04-09,1494.5799560546875,27.75,493.4400024414063,1370,4,15
8879,315.5771484375,316.0653076171875,311.10888671875,312.25958251953125,312.25958251953125,4982606,GOOG,2012-04-10,1468.6800537109375,27.28000068664551,488.3900146484375,1371,4,15
8880,315.8013000488281,316.8125,314.4712829589844,316.7925720214844,316.7925720214844,4414485,GOOG,2012-04-11,1480.47998046875,27.489999771118164,488.55999755859375,1372,4,15
8881,319.97564697265625,325.3504943847656,318.9345397949219,324.28948974609375,324.28948974609375,11556354,GOOG,2012-04-12,1502.3199462890625,27.920000076293945,493.9400024414063,1373,4,15
8882,322.5659484863281,323.28326416015625,310.60577392578125,311.1337890625,311.1337890625,16379766,GOOG,2012-04-13,1478.800048828125,27.459999084472656,486.8999938964844,1374,4,15
8883,310.3367919921875,310.7402648925781,299.7066345214844,301.90338134765625,301.90338134765625,11426871,GOOG,2012-04-16,1476.6400146484375,27.420000076293945,483.7099914550781,1375,4,16
8884,303.14373779296875,307.6916809082031,302.37164306640625,303.6468505859375,303.6468505859375,6070469,GOOG,2012-04-17,1499.5799560546875,27.8700008392334,492.239990234375,1376,4,16
8885,302.88970947265625,305.2558288574219,300.27947998046875,302.5908203125,302.5908203125,5359012,GOOG,2012-04-18,1494.93994140625,27.790000915527344,488.1300048828125,1377,4,16
8886,301.714111328125,306.9793701171875,298.381591796875,298.5310363769531,298.5310363769531,6613898,GOOG,2012-04-19,1481.22998046875,27.53000068664551,482.1300048828125,1378,4,16
8887,300.9967956542969,303.2882080078125,296.8025207519531,296.9170837402344,296.9170837402344,6139727,GOOG,2012-04-20,1462.699951171875,27.190000534057614,481.6700134277344,1379,4,16
8888,295.3429870605469,298.10760498046875,293.9980163574219,297.6842041015625,297.6842041015625,4412076,GOOG,2012-04-23,1448.3199462890625,26.899999618530273,475.9700012207031,1380,4,17
8889,298.0030212402344,302.1823425292969,297.54473876953125,299.5123596191406,299.5123596191406,3872661,GOOG,2012-04-24,1433.18994140625,26.60000038146973,471.45001220703125,1381,4,17
8890,300.87225341796875,304.5335388183594,300.3143615722656,303.7215881347656,303.7215881347656,3655852,GOOG,2012-04-25,1461.5400390625,27.1299991607666,488.1600036621094,1382,4,17
8891,304.3143615722656,307.84613037109375,303.71160888671875,306.5858459472656,306.5858459472656,4200686,GOOG,2012-04-26,1479.699951171875,27.53000068664551,492.0700073242188,1383,4,17
8892,306.3616943359375,307.2184753417969,304.1599426269531,306.3417663574219,306.3417663574219,3285067,GOOG,2012-04-27,1479.1400146484375,27.45000076293945,491.2200012207031,1384,4,17
8893,305.3504638671875,306.88970947265625,299.18359375,301.2956848144531,301.2956848144531,4832646,GOOG,2012-04-30,1476.8199462890625,27.420000076293945,487.0199890136719,1385,4,18
8894,300.76763916015625,304.6580810546875,298.974365234375,301.0864562988281,301.0864562988281,4019610,GOOG,2012-05-01,1482.9100341796875,27.61000061035156,490.2099914550781,1386,5,18
8895,299.47747802734375,302.9195861816406,299.18359375,302.49615478515625,302.49615478515625,3235081,GOOG,2012-05-02,1483.0899658203125,27.57999992370605,488.7300109863281,1387,5,18
8896,303.6717529296875,306.26702880859375,303.3380126953125,304.369140625,304.369140625,3750003,GOOG,2012-05-03,1456.510009765625,27.04999923706055,483.7099914550781,1388,5,18
8897,301.82867431640625,302.80999755859375,297.2906799316406,297.3703918457031,297.3703918457031,4431348,GOOG,2012-05-04,1422.22998046875,26.440000534057614,472.7999877929688,1389,5,18
8898,296.3890686035156,304.1449890136719,296.3890686035156,302.640625,302.640625,4003952,GOOG,2012-05-07,1413.3699951171875,26.26000022888184,472.9800109863281,1390,5,19
8899,301.6343994140625,307.29815673828125,299.2284240722656,305.2508544921875,305.2508544921875,5374670,GOOG,2012-05-08,1407.8299560546875,26.190000534057614,469.1099853515625,1391,5,19
8900,302.2769775390625,307.0391540527344,299.7813415527344,303.4376525878906,303.4376525878906,4675058,GOOG,2012-05-09,1403.25,26.09000015258789,471.1900024414063,1392,5,19
8901,305.3355407714844,306.9444885253906,303.9756164550781,305.6842346191406,305.6842346191406,3083314,GOOG,2012-05-10,1389.0699462890625,25.78000068664551,465.2200012207031,1393,5,19
8902,304.035400390625,306.1275634765625,301.2558288574219,301.4849548339844,301.4849548339844,4214538,GOOG,2012-05-11,1391.8699951171875,25.86000061035156,466.7300109863281,1394,5,19
8903,299.2682800292969,303.1138610839844,299.16864013671875,300.87225341796875,300.87225341796875,3662477,GOOG,2012-05-14,1384.3599853515625,25.709999084472656,460.3599853515625,1395,5,20
8904,301.54473876953125,306.3517150878906,300.7477111816406,304.4139709472656,304.4139709472656,4219958,GOOG,2012-05-15,1381.0400390625,25.65999984741211,461.92999267578125,1396,5,20
8905,307.8262023925781,313.87353515625,306.8199768066406,313.29071044921875,313.29071044921875,9706446,GOOG,2012-05-16,1362.4100341796875,25.35000038146973,454.4800109863281,1397,5,20
8906,315.7315673828125,317.73406982421875,309.455078125,310.3616943359375,310.3616943359375,6732742,GOOG,2012-05-17,1338.1400146484375,24.8799991607666,450.1499938964844,1398,5,20
8907,311.38287353515625,315.0292053222656,297.23590087890625,299.0789794921875,299.0789794921875,11991780,GOOG,2012-05-18,1311.219970703125,24.36000061035156,441.3299865722656,1399,5,20
8908,299.1337585449219,306.6954345703125,298.8797302246094,305.90838623046875,305.90838623046875,6173855,GOOG,2012-05-21,1343.8699951171875,25.0,450.8800048828125,1400,5,21
8909,305.57464599609375,305.7589416503906,296.88720703125,299.2782287597656,299.2782287597656,6126679,GOOG,2012-05-22,1337.5699462890625,24.85000038146973,452.3999938964844,1401,5,21
8910,299.70166015625,303.66180419921875,297.4450988769531,303.5920715332031,303.5920715332031,6380025,GOOG,2012-05-23,1339.969970703125,24.93000030517578,448.3900146484375,1402,5,21
8911,303.442626953125,304.8174743652344,298.31683349609375,300.702880859375,300.702880859375,3796778,GOOG,2012-05-24,1317.5899658203125,24.53000068664551,449.3299865722656,1403,5,21
8912,299.37786865234375,299.7414855957031,293.0415954589844,294.6605529785156,294.6605529785156,7190652,GOOG,2012-05-25,1324.31005859375,24.63999938964844,448.4200134277344,1404,5,21
8913,296.79254150390625,298.44635009765625,293.0615234375,296.060302734375,296.060302734375,5230934,GOOG,2012-05-29,1342.47998046875,24.95000076293945,454.9200134277344,1406,5,22
8914,292.9818420410156,294.8448486328125,290.67547607421875,293.0166931152344,293.0166931152344,3827694,GOOG,2012-05-30,1317.8299560546875,24.51000022888184,452.1600036621094,1407,5,22
8915,293.2607727050781,293.8984069824219,288.4189453125,289.345458984375,289.345458984375,5958852,GOOG,2012-05-31,1306.3699951171875,24.35000038146973,448.7999877929688,1408,5,22
8916,284.827392578125,285.25579833984375,283.11383056640625,284.4239196777344,284.4239196777344,6138724,GOOG,2012-06-01,1267.9200439453125,23.57999992370605,438.45001220703125,1409,6,22
8917,284.0453186035156,289.1611633300781,283.94073486328125,288.2146911621094,288.2146911621094,4883637,GOOG,2012-06-04,1272.1400146484375,23.670000076293945,438.5899963378906,1410,6,23
8918,286.65057373046875,287.9855651855469,282.1773376464844,284.1399841308594,284.1399841308594,4697341,GOOG,2012-06-05,1292.2099609375,24.04999923706055,441.8500061035156,1411,6,23
8919,287.16363525390625,289.89837646484375,285.7340087890625,289.20098876953125,289.20098876953125,4207311,GOOG,2012-06-06,1331.3699951171875,24.75,452.9100036621094,1412,6,23
8920,292.702880859375,292.84735107421875,287.5472106933594,288.0353698730469,288.0353698730469,3530183,GOOG,2012-06-07,1319.4100341796875,24.540000915527344,453.7300109863281,1413,6,23
8921,286.8498229980469,289.4151916503906,286.2171936035156,289.1412353515625,289.1412353515625,2831373,GOOG,2012-06-08,1332.4200439453125,24.770000457763672,455.239990234375,1414,6,23
8922,291.01422119140625,291.567138671875,282.28692626953125,283.18853759765625,283.18853759765625,5342149,GOOG,2012-06-11,1306.219970703125,24.309999465942386,452.010009765625,1415,6,24
8923,283.8211669921875,284.0851745605469,278.2470703125,281.494873046875,281.494873046875,6472570,GOOG,2012-06-12,1328.780029296875,24.70000076293945,452.4700012207031,1416,6,24
8924,279.81118774414057,282.44134521484375,278.296875,279.49737548828125,279.49737548828125,3923050,GOOG,2012-06-13,1319.8900146484375,24.540000915527344,451.20001220703125,1417,6,24
8925,279.6019897460937,281.4799499511719,277.22091674804693,278.48117065429693,278.48117065429693,4707379,GOOG,2012-06-14,1318.8699951171875,24.540000915527344,450.2900085449219,1418,6,24
8926,279.123779296875,281.20596313476557,277.50485229492193,281.20098876953125,281.20098876953125,6024898,GOOG,2012-06-15,1341.239990234375,24.95000076293945,455.7200012207031,1419,6,24
8927,280.259521484375,286.0328674316406,278.580810546875,284.3591613769531,284.3591613769531,5012518,GOOG,2012-06-18,1350.5999755859375,25.1200008392334,459.260009765625,1420,6,25
8928,285.7240295410156,291.049072265625,285.48992919921875,289.67919921875,289.67919921875,4167964,GOOG,2012-06-19,1363.8800048828125,25.38999938964844,465.1900024414063,1421,6,25
8929,288.8224182128906,288.91705322265625,285.6841735839844,287.6767272949219,287.6767272949219,4710992,GOOG,2012-06-20,1365.81005859375,25.40999984741211,464.8900146484375,1422,6,25
8930,288.8373718261719,288.8373718261719,280.8124389648437,281.5496826171875,281.5496826171875,4037678,GOOG,2012-06-21,1318.97998046875,24.540000915527344,454.739990234375,1423,6,25
8931,282.9394836425781,284.6729736328125,281.8535461425781,284.6729736328125,284.6729736328125,4472501,GOOG,2012-06-22,1335.3800048828125,24.84000015258789,458.1000061035156,1424,6,25
8932,282.605712890625,282.98431396484375,277.63436889648443,279.3031005859375,279.3031005859375,3175056,GOOG,2012-06-25,1301.4300537109375,24.229999542236328,448.5700073242188,1425,6,26
8933,280.32925415039057,282.2420959472656,278.69537353515625,281.28567504882807,281.28567504882807,2710522,GOOG,2012-06-26,1306.8699951171875,24.3700008392334,449.1300048828125,1426,6,26
8934,282.7900390625,285.92327880859375,281.9531555175781,283.5870361328125,283.5870361328125,3397286,GOOG,2012-06-27,1322.0799560546875,24.61000061035156,451.1199951171875,1427,6,26
8935,281.8934020996094,282.0577697753906,277.56460571289057,281.10134887695307,281.10134887695307,3856200,GOOG,2012-06-28,1305.27001953125,24.18000030517578,447.260009765625,1428,6,26
8936,286.4064636230469,288.9818115234375,285.0316162109375,288.9519348144531,288.9519348144531,5057887,GOOG,2012-06-29,1356.489990234375,25.190000534057614,460.0899963378906,1429,6,26
8937,289.82366943359375,290.4114685058594,287.1736145019531,289.15118408203125,289.15118408203125,3323410,GOOG,2012-07-02,1349.75,25.1200008392334,463.25,1430,7,27
8938,288.92205810546875,293.1063537597656,287.9208068847656,292.81744384765625,292.81744384765625,2387917,GOOG,2012-07-03,1366.3599853515625,25.3700008392334,467.3800048828125,1431,7,27
8939,293.28070068359375,298.90960693359375,293.1711120605469,296.84735107421875,296.84735107421875,4709386,GOOG,2012-07-05,1361.969970703125,25.3799991607666,468.1400146484375,1433,7,27
8940,295.11883544921875,295.6518249511719,290.3218078613281,291.8959045410156,291.8959045410156,4339806,GOOG,2012-07-06,1326.010009765625,24.65999984741211,459.760009765625,1434,7,27
8941,291.3828125,293.2010192871094,289.53973388671875,291.9108581542969,291.9108581542969,3443057,GOOG,2012-07-09,1310.5799560546875,24.3799991607666,458.5499877929688,1435,7,28
8942,293.9930419921875,295.1088562011719,288.2894287109375,289.7638854980469,289.7638854980469,3860617,GOOG,2012-07-10,1293.1700439453125,24.04999923706055,453.2099914550781,1436,7,28
8943,287.073974609375,287.8460693359375,281.41519165039057,284.52850341796875,284.52850341796875,7024832,GOOG,2012-07-11,1285.550048828125,23.920000076293945,450.4400024414063,1437,7,28
8944,282.5011291503906,284.8971252441406,279.99551391601557,284.1748352050781,284.1748352050781,4636915,GOOG,2012-07-12,1268.949951171875,23.61000061035156,445.6600036621094,1438,7,28
8945,285.0067138671875,288.49365234375,283.21343994140625,287.1835632324219,287.1835632324219,3966813,GOOG,2012-07-13,1285.780029296875,23.920000076293945,452.0899963378906,1439,7,28
8946,287.1088562011719,288.5135803222656,284.8224182128906,286.3865661621094,286.3865661621094,2936164,GOOG,2012-07-16,1275.8399658203125,23.70000076293945,452.3200073242188,1440,7,29
8947,288.135009765625,289.2508239746094,283.13873291015625,287.2881774902344,287.2881774902344,3372795,GOOG,2012-07-17,1277.81005859375,23.75,451.95001220703125,1441,7,29
8948,287.4127197265625,290.75518798828125,286.9892883300781,289.295654296875,289.295654296875,3108006,GOOG,2012-07-18,1312.0799560546875,24.399999618530273,460.6700134277344,1442,7,29
8949,291.9756164550781,298.12255859375,291.9058532714844,295.42266845703125,295.42266845703125,9384444,GOOG,2012-07-19,1328.93994140625,24.70000076293945,467.1499938964844,1443,7,29
8950,303.2433776855469,305.3255615234375,297.9731140136719,304.26953125,304.26953125,12975855,GOOG,2012-07-20,1310.52001953125,24.3799991607666,460.70001220703125,1444,7,29
8951,299.11883544921875,308.0204772949219,298.00799560546875,306.60577392578125,306.60577392578125,7150100,GOOG,2012-07-23,1290.6800537109375,23.989999771118164,455.6000061035156,1445,7,30
8952,306.3517150878906,307.8112487792969,301.0416259765625,302.6506042480469,302.6506042480469,4033863,GOOG,2012-07-24,1280.739990234375,23.809999465942386,452.1300048828125,1446,7,30
8953,303.0242004394531,305.54473876953125,301.5546875,302.85980224609375,302.85980224609375,3659666,GOOG,2012-07-25,1295.56005859375,24.07999992370605,451.2999877929688,1447,7,30
8954,306.3517150878906,307.2832336425781,303.8760070800781,305.5347900390625,305.5347900390625,3383033,GOOG,2012-07-26,1330.800048828125,24.78000068664551,454.9800109863281,1448,7,30
8955,308.2894592285156,316.3143615722656,307.5970458984375,316.2944641113281,316.2944641113281,7126010,GOOG,2012-07-27,1360.760009765625,25.290000915527344,463.489990234375,1449,7,30
8956,316.83740234375,320.1001892089844,313.57464599609375,314.96942138671875,314.96942138671875,4389793,GOOG,2012-07-30,1346.780029296875,25.040000915527344,465.0400085449219,1450,7,31
8957,312.95697021484375,317.06158447265625,312.9370422363281,315.30316162109375,315.30316162109375,3745185,GOOG,2012-07-31,1346.0,25.04999923706055,468.1099853515625,1451,7,31
8958,317.4600830078125,318.5609436035156,314.5111389160156,315.1587219238281,315.1587219238281,3703028,GOOG,2012-08-01,1345.43994140625,25.01000022888184,464.7300109863281,1452,8,31
8959,311.58709716796875,317.82373046875,310.541015625,313.2010498046875,313.2010498046875,3970226,GOOG,2012-08-02,1337.9000244140625,24.8799991607666,460.0700073242188,1453,8,31
8960,318.8050537109375,320.6580810546875,316.88226318359375,319.4675598144531,319.4675598144531,3808422,GOOG,2012-08-03,1368.510009765625,25.440000534057614,472.010009765625,1454,8,31
8961,318.61077880859375,323.4775390625,318.41650390625,320.20977783203125,320.20977783203125,3578162,GOOG,2012-08-06,1382.22998046875,25.70000076293945,476.9400024414063,1455,8,32
8962,319.6966857910156,320.9270935058594,317.046630859375,319.07403564453125,319.07403564453125,3978457,GOOG,2012-08-07,1404.7099609375,26.1299991607666,479.4400024414063,1456,8,32
8963,318.3318176269531,321.72906494140625,318.0578308105469,319.9158630371094,319.9158630371094,2654312,GOOG,2012-08-08,1408.8299560546875,26.209999084472656,479.5899963378906,1457,8,32
8964,321.0516052246094,321.9781494140625,319.56219482421875,319.97564697265625,319.97564697265625,2148623,GOOG,2012-08-09,1413.489990234375,26.290000915527344,481.0400085449219,1458,8,32
8965,318.1026611328125,319.9208679199219,316.87725830078125,319.8013000488281,319.8013000488281,2879954,GOOG,2012-08-10,1419.5699462890625,26.43000030517578,480.1000061035156,1459,8,32
8966,322.5011901855469,328.8424072265625,322.132568359375,328.7726745605469,328.7726745605469,6560298,GOOG,2012-08-13,1411.5,26.26000022888184,483.3200073242188,1460,8,33
8967,328.39410400390625,335.168701171875,328.2695617675781,333.08154296875,333.08154296875,7350850,GOOG,2012-08-14,1399.6099853515625,26.04999923706055,483.1099853515625,1461,8,33
8968,333.88848876953125,335.8660888671875,330.8100280761719,332.52362060546875,332.52362060546875,4839472,GOOG,2012-08-15,1408.68994140625,26.229999542236328,482.5299987792969,1462,8,33
8969,332.5086669921875,336.06036376953125,332.2944641113281,335.1786804199219,335.1786804199219,3448277,GOOG,2012-08-16,1434.3699951171875,26.71999931335449,489.9800109863281,1463,8,33
8970,335.80133056640625,337.3605041503906,334.5958557128906,337.3056945800781,337.3056945800781,4371725,GOOG,2012-08-17,1432.6800537109375,26.690000534057614,492.0899963378906,1464,8,33
8971,336.48876953125,338.1674499511719,335.0740661621094,336.5086975097656,336.5086975097656,3529380,GOOG,2012-08-20,1422.97998046875,26.489999771118164,494.7099914550781,1465,8,34
8972,335.2982177734375,337.7341003417969,329.8486328125,333.50494384765625,333.50494384765625,4461059,GOOG,2012-08-21,1421.0999755859375,26.459999084472656,492.3399963378906,1466,8,34
8973,332.44390869140625,339.02923583984375,332.1051940917969,337.32562255859375,337.32562255859375,3832712,GOOG,2012-08-22,1419.1400146484375,26.45000076293945,492.8299865722656,1467,8,34
8974,335.8760681152344,338.9694519042969,334.2471618652344,337.1363220214844,337.1363220214844,3581775,GOOG,2012-08-23,1403.699951171875,26.170000076293945,488.7799987792969,1468,8,34
8975,336.53857421875,338.95452880859375,335.7814025878906,338.04791259765625,338.04791259765625,2863894,GOOG,2012-08-24,1403.77001953125,26.149999618530273,490.2699890136719,1469,8,34
8976,330.2571105957031,334.74530029296875,328.3891296386719,333.3604736328125,333.3604736328125,5246994,GOOG,2012-08-27,1398.81005859375,26.04999923706055,491.760009765625,1470,8,35
8977,331.25836181640625,337.5447998046875,331.12884521484375,337.3605041503906,337.3605041503906,4132632,GOOG,2012-08-28,1398.72998046875,26.04999923706055,490.6099853515625,1471,8,35
8978,337.4202575683594,343.20855712890625,336.8125305175781,342.72039794921875,342.72039794921875,6003017,GOOG,2012-08-29,1400.1600341796875,26.07999992370605,492.0799865722656,1472,8,35
8979,340.8424377441406,342.41156005859375,338.82000732421875,339.5672302246094,339.5672302246094,3265996,GOOG,2012-08-30,1377.719970703125,25.68000030517578,484.9599914550781,1473,8,35
8980,340.722900390625,343.00433349609375,338.7502746582031,341.2658386230469,341.2658386230469,4270146,GOOG,2012-08-31,1388.2099609375,25.90999984741211,489.1099853515625,1474,8,35
8981,340.9968566894531,341.22100830078125,335.49249267578125,339.2484130859375,339.2484130859375,3793365,GOOG,2012-09-04,1383.9000244140625,25.78000068664551,488.6400146484375,1476,9,36
8982,338.7303466796875,341.9682312011719,338.3019714355469,339.0890197753906,339.0890197753906,3429206,GOOG,2012-09-05,1381.469970703125,25.729999542236328,488.5400085449219,1477,9,36
8983,341.69921875,348.6382141113281,341.0865173339844,348.3941345214844,348.3941345214844,6109816,GOOG,2012-09-06,1424.2099609375,26.520000457763672,499.7200012207031,1478,9,36
8984,348.6930236816406,354.7951354980469,347.5323486328125,351.75653076171875,351.75653076171875,6490236,GOOG,2012-09-07,1419.489990234375,26.43000030517578,499.1600036621094,1479,9,36
8985,353.5547790527344,355.0740966796875,347.8910217285156,349.0765686035156,349.0765686035156,5139191,GOOG,2012-09-10,1401.6500244140625,26.10000038146973,494.989990234375,1480,9,37
8986,347.67681884765625,349.01678466796875,344.2098083496094,344.8025817871094,344.8025817871094,3761647,GOOG,2012-09-11,1404.4000244140625,26.170000076293945,493.4400024414063,1481,9,37
8987,343.41778564453125,346.15753173828125,339.168701171875,344.1500549316406,344.1500549316406,5304408,GOOG,2012-09-12,1406.5899658203125,26.20000076293945,494.3299865722656,1482,9,37
8988,345.25091552734375,353.17620849609375,343.9806823730469,351.70172119140625,351.70172119140625,5337933,GOOG,2012-09-13,1422.760009765625,26.5,502.80999755859375,1483,9,37
8989,353.47509765625,355.1687316894531,352.1849365234375,353.51495361328125,353.51495361328125,5256630,GOOG,2012-09-14,1438.22998046875,26.790000915527344,507.4599914550781,1484,9,37
8990,352.7328796386719,355.1089782714844,351.1836853027344,353.66436767578125,353.66436767578125,3027907,GOOG,2012-09-17,1426.6700439453125,26.56999969482422,507.30999755859375,1485,9,38
8991,352.5684814453125,357.9881591796875,352.0703430175781,357.79888916015625,357.79888916015625,4149094,GOOG,2012-09-18,1424.030029296875,26.520000457763672,506.4700012207031,1486,9,38
8992,357.41033935546875,362.919677734375,356.86737060546875,362.39166259765625,362.39166259765625,6219826,GOOG,2012-09-19,1422.43994140625,26.53000068664551,507.260009765625,1487,9,38
8993,360.88232421875,364.3244323730469,359.2633972167969,362.70050048828125,362.70050048828125,5836595,GOOG,2012-09-20,1416.18994140625,26.36000061035156,505.3599853515625,1488,9,38
8994,364.7378845214844,366.0877990722656,363.69677734375,365.6245422363281,365.6245422363281,12765871,GOOG,2012-09-21,1416.1600341796875,26.270000457763672,506.4700012207031,1489,9,38
8995,364.1351318359375,373.61956787109375,363.76153564453125,373.2908020019531,373.2908020019531,7154316,GOOG,2012-09-24,1403.260009765625,26.01000022888184,502.3299865722656,1490,9,39
8996,375.11895751953125,381.016845703125,372.43402099609375,373.1812133789063,373.1812133789063,12162417,GOOG,2012-09-25,1383.1300048828125,25.63999938964844,494.5199890136719,1491,9,39
8997,373.5249328613281,379.19866943359375,369.116455078125,375.3232116699219,375.3232116699219,11388327,GOOG,2012-09-26,1373.3299560546875,25.459999084472656,492.0400085449219,1492,9,39
8998,378.55609130859375,379.9956970214844,374.4215698242188,376.8375244140625,376.8375244140625,7891669,GOOG,2012-09-27,1395.489990234375,25.88999938964844,498.1600036621094,1493,9,39
8999,375.6669006347656,378.2322998046875,374.1725158691406,375.84124755859375,375.84124755859375,5587866,GOOG,2012-09-28,1391.5799560546875,25.79999923706055,495.25,1494,9,39
9000,378.1077575683594,381.0716552734375,376.6930541992188,379.4676513671875,379.4676513671875,6359749,GOOG,2012-10-01,1389.780029296875,25.76000022888184,493.6000061035156,1495,10,40
9001,381.1712646484375,381.5647888183594,373.7341613769531,377.0816040039063,377.0816040039063,5601317,GOOG,2012-10-02,1397.260009765625,25.90999984741211,490.7200012207031,1496,10,40
9002,376.448974609375,380.5336608886719,374.695556640625,379.8263244628906,379.8263244628906,4433155,GOOG,2012-10-03,1394.6099853515625,25.8700008392334,496.2799987792969,1497,10,40
9003,379.9508361816406,383.5075073242188,378.2821044921875,382.5909423828125,382.5909423828125,4926798,GOOG,2012-10-04,1401.1700439453125,25.96999931335449,496.0400085449219,1498,10,40
9004,383.9159851074219,385.744140625,381.0766296386719,382.3916931152344,382.3916931152344,5492310,GOOG,2012-10-05,1395.3599853515625,25.85000038146973,493.5400085449219,1499,10,40
9005,379.0791320800781,380.3642883300781,375.6669006347656,377.5050048828125,377.5050048828125,3931883,GOOG,2012-10-08,1385.8699951171875,25.709999084472656,487.8599853515625,1500,10,41
9006,378.4165954589844,379.238525390625,369.8786010742188,370.65570068359375,370.65570068359375,6028913,GOOG,2012-10-09,1358.31005859375,25.190000534057614,481.7799987792969,1501,10,41
9007,369.54486083984375,372.3692626953125,367.7665100097656,370.8898010253906,370.8898010253906,4095092,GOOG,2012-10-10,1343.9300537109375,24.90999984741211,480.1900024414063,1502,10,41
9008,375.04425048828125,377.8337707519531,373.7441101074219,374.3368835449219,374.3368835449219,4785671,GOOG,2012-10-11,1347.0400390625,25.01000022888184,478.45001220703125,1503,10,41
9009,374.5212097167969,376.0255737304688,370.6606750488281,370.9844665527344,370.9844665527344,4826423,GOOG,2012-10-12,1343.22998046875,24.920000076293945,479.6000061035156,1504,10,41
9010,369.584716796875,370.52618408203125,363.9856872558594,369.10650634765625,369.10650634765625,6060833,GOOG,2012-10-15,1353.6300048828125,25.10000038146973,482.4100036621094,1505,10,42
9011,368.6830749511719,372.1002807617188,366.8549499511719,370.9595642089844,370.9595642089844,4131829,GOOG,2012-10-16,1375.8399658203125,25.520000457763672,488.739990234375,1506,10,42
9012,370.5859680175781,376.7578125,368.7478332519531,376.33441162109375,376.33441162109375,4602989,GOOG,2012-10-17,1363.739990234375,25.28000068664551,486.0899963378906,1507,10,42
9013,376.35931396484375,378.29205322265625,336.7378234863281,346.2023620605469,346.2023620605469,24978074,GOOG,2012-10-18,1353.760009765625,25.13999938964844,478.6700134277344,1508,10,42
9014,351.47259521484375,352.030517578125,334.74530029296875,339.62200927734375,339.62200927734375,23050476,GOOG,2012-10-19,1324.0999755859375,24.54999923706055,467.55999755859375,1509,10,42
9015,339.23345947265625,341.0367126464844,333.5995788574219,338.0678405761719,338.0678405761719,8141603,GOOG,2012-10-22,1328.4200439453125,24.6200008392334,469.260009765625,1510,10,43
9016,334.7502746582031,342.3816833496094,334.74530029296875,338.9046936035156,338.9046936035156,5855064,GOOG,2012-10-23,1327.02001953125,24.6299991607666,466.0700073242188,1511,10,43
9017,342.1176452636719,342.21728515625,336.3741760253906,337.3854064941406,337.3854064941406,5011715,GOOG,2012-10-24,1314.2099609375,24.3700008392334,465.1099853515625,1512,10,43
9018,338.7303466796875,339.72662353515625,335.4974670410156,337.6145324707031,337.6145324707031,4820200,GOOG,2012-10-25,1323.260009765625,24.53000068664551,462.5199890136719,1513,10,43
9019,336.98687744140625,340.23968505859375,334.3467712402344,336.3144226074219,336.3144226074219,3916224,GOOG,2012-10-26,1319.0799560546875,24.45000076293945,463.0799865722656,1514,10,43
9020,338.6606140136719,339.2284851074219,336.23968505859375,338.8797912597656,338.8797912597656,3085522,GOOG,2012-10-31,1309.219970703125,24.29999923706055,460.8500061035156,1517,10,44
9021,338.4812927246094,344.1600036621094,338.0927429199219,342.51116943359375,342.51116943359375,4115569,GOOG,2012-11-01,1349.3800048828125,25.0,468.260009765625,1518,11,44
9022,346.0977478027344,346.476318359375,342.4015808105469,342.6755676269531,342.6755676269531,4666225,GOOG,2012-11-02,1333.5699462890625,24.739999771118164,462.2099914550781,1519,11,44
9023,340.9719543457031,342.1475524902344,336.5186462402344,340.204833984375,340.204833984375,3284064,GOOG,2012-11-05,1347.72998046875,24.979999542236328,463.010009765625,1520,11,45
9024,341.4601135253906,341.9682312011719,337.5099182128906,339.587158203125,339.587158203125,3177465,GOOG,2012-11-06,1365.510009765625,25.290000915527344,467.989990234375,1521,11,45
9025,336.23968505859375,337.8486633300781,332.0005798339844,332.31439208984375,332.31439208984375,4481334,GOOG,2012-11-07,1327.5699462890625,24.649999618530273,456.8200073242188,1522,11,45
9026,333.8486633300781,334.4912414550781,324.3990783691406,324.9270935058594,324.9270935058594,5213468,GOOG,2012-11-08,1313.3499755859375,24.3799991607666,448.239990234375,1523,11,45
9027,326.1026916503906,332.922119140625,323.9358215332031,330.27703857421875,330.27703857421875,6251545,GOOG,2012-11-09,1315.030029296875,24.38999938964844,451.8900146484375,1524,11,45
9028,330.63568115234375,333.6494140625,329.2010803222656,331.7066955566406,331.7066955566406,2822339,GOOG,2012-11-12,1312.969970703125,24.35000038146973,449.2799987792969,1525,11,46
9029,330.2620849609375,332.5534973144531,327.8860168457031,328.2944641113281,328.2944641113281,3200351,GOOG,2012-11-13,1299.5999755859375,24.1200008392334,448.7699890136719,1526,11,46
9030,329.0964660644531,329.8536376953125,324.0354309082031,325.0566101074219,325.0566101074219,3349307,GOOG,2012-11-14,1287.3299560546875,23.899999618530273,441.3999938964844,1527,11,46
9031,323.786376953125,328.7677001953125,320.7477722167969,322.4214782714844,322.4214782714844,3711660,GOOG,2012-11-15,1288.8199462890625,23.95000076293945,440.239990234375,1528,11,46
9032,321.7888488769531,325.2907409667969,316.8125,322.3816223144531,322.3816223144531,6902174,GOOG,2012-11-16,1288.760009765625,23.920000076293945,440.8599853515625,1529,11,46
9033,326.625732421875,333.2110290527344,326.5410461425781,332.85736083984375,332.85736083984375,4754153,GOOG,2012-11-19,1310.739990234375,24.32999992370605,451.0499877929688,1530,11,47
9034,333.50494384765625,337.7341003417969,331.0441589355469,333.73406982421875,333.73406982421875,4193058,GOOG,2012-11-20,1304.1199951171875,24.209999084472656,450.489990234375,1531,11,47
9035,333.24591064453125,333.6494140625,328.9669494628906,331.6917419433594,331.6917419433594,4240234,GOOG,2012-11-21,1312.510009765625,24.38999938964844,452.6300048828125,1532,11,47
9036,333.73406982421875,333.7490234375,331.8063049316406,332.7378234863281,332.7378234863281,1851916,GOOG,2012-11-23,1340.27001953125,24.90999984741211,459.6600036621094,1534,11,47
9037,331.9756774902344,332.254638671875,328.279541015625,329.3405456542969,329.3405456542969,4425727,GOOG,2012-11-26,1346.5,25.0,461.1499938964844,1535,11,48
9038,328.8523864746094,336.23968505859375,327.77142333984375,334.1026916503906,334.1026916503906,5036206,GOOG,2012-11-27,1332.4200439453125,24.85000038146973,460.6199951171875,1536,11,48
9039,332.75775146484375,341.1761779785156,330.7054443359375,340.5585021972656,340.5585021972656,6106804,GOOG,2012-11-28,1348.47998046875,25.040000915527344,461.7300109863281,1537,11,48
9040,342.6058349609375,345.6543884277344,339.72662353515625,344.6531677246094,344.6531677246094,5573814,GOOG,2012-11-29,1356.72998046875,25.229999542236328,465.45001220703125,1538,11,48
9041,344.3642272949219,348.3044738769531,341.5647277832031,347.88104248046875,347.88104248046875,6350916,GOOG,2012-11-30,1352.6400146484375,25.1299991607666,463.989990234375,1539,11,48
9042,349.808837890625,351.62701416015625,345.7590026855469,346.3268737792969,346.3268737792969,4401436,GOOG,2012-12-03,1349.780029296875,25.11000061035156,463.5299987792969,1540,12,49
9043,346.2023620605469,346.4563903808594,341.5697021484375,344.2247619628906,344.2247619628906,3998331,GOOG,2012-12-04,1356.5400390625,25.20000076293945,463.2900085449219,1541,12,49
9044,344.7826843261719,345.9532775878906,339.8909912109375,342.6257629394531,342.6257629394531,3738761,GOOG,2012-12-05,1357.6800537109375,25.20000076293945,457.0799865722656,1542,12,49
9045,342.51116943359375,346.5061950683594,340.9769287109375,344.2745666503906,344.2745666503906,2935562,GOOG,2012-12-06,1373.6300048828125,25.51000022888184,460.2900085449219,1543,12,49
9046,346.2023620605469,347.1388244628906,339.93585205078125,340.8274841308594,340.8274841308594,3852988,GOOG,2012-12-07,1376.22998046875,25.54999923706055,457.9400024414063,1544,12,49
9047,341.415283203125,344.5335998535156,340.6182861328125,341.43023681640625,341.43023681640625,2743645,GOOG,2012-12-10,1386.3499755859375,25.770000457763672,459.1400146484375,1545,12,50
9048,343.711669921875,349.6494140625,342.575927734375,347.1388244628906,347.1388244628906,5395348,GOOG,2012-12-11,1406.1199951171875,26.1299991607666,465.92999267578125,1546,12,50
9049,348.3094482421875,350.44146728515625,345.4451904296875,347.4775695800781,347.4775695800781,4870186,GOOG,2012-12-12,1401.1500244140625,26.03000068664551,466.8800048828125,1547,12,50
9050,356.623291015625,356.8972473144531,348.4688415527344,350.0379638671875,350.0379638671875,6915625,GOOG,2012-12-13,1393.5699462890625,25.90999984741211,460.5199890136719,1548,12,50
9051,348.2795715332031,352.5884094238281,347.91094970703125,349.6693420410156,349.6693420410156,4276168,GOOG,2012-12-14,1390.72998046875,25.8799991607666,455.7099914550781,1549,12,50
9052,351.4327392578125,359.6120910644531,350.69549560546875,359.0442199707031,359.0442199707031,6093555,GOOG,2012-12-17,1399.6600341796875,26.01000022888184,458.1600036621094,1550,12,51
9053,356.9620056152344,363.1886901855469,356.1899108886719,359.18865966796875,359.18865966796875,6032326,GOOG,2012-12-18,1424.3699951171875,26.479999542236328,469.7699890136719,1551,12,51
9054,359.00933837890625,360.1500549316406,357.0018615722656,358.7104797363281,358.7104797363281,3851583,GOOG,2012-12-19,1426.5,26.53000068664551,469.0400085449219,1552,12,51
9055,360.2795715332031,360.97198486328125,357.1463317871094,359.8312683105469,359.8312683105469,3326422,GOOG,2012-12-20,1429.3699951171875,26.59000015258789,468.6000061035156,1553,12,51
9056,355.65191650390625,358.06787109375,353.9333801269531,356.47882080078125,356.47882080078125,7078433,GOOG,2012-12-21,1399.06005859375,25.940000534057614,464.489990234375,1554,12,51
9057,355.9209289550781,356.2546691894531,352.4140625,353.4252624511719,353.4252624511719,1688104,GOOG,2012-12-24,1394.2099609375,25.809999465942386,462.7300109863281,1555,12,52
9058,352.71295166015625,355.1089782714844,349.8935241699219,353.1114501953125,353.1114501953125,2373664,GOOG,2012-12-26,1389.800048828125,25.76000022888184,459.7999877929688,1557,12,52
9059,352.24969482421875,353.09649658203125,348.0006103515625,351.8262634277344,351.8262634277344,3307150,GOOG,2012-12-27,1384.6400146484375,25.71999931335449,456.510009765625,1558,12,52
9060,349.53485107421875,352.1351013183594,348.697998046875,348.697998046875,348.697998046875,2814510,GOOG,2012-12-28,1370.7900390625,25.420000076293945,454.0199890136719,1559,12,52
9061,348.6930236816406,353.9582824707031,346.7004699707031,352.3692321777344,352.3692321777344,4009773,GOOG,2012-12-31,1394.75,25.85000038146973,460.7200012207031,1560,12,1
9062,358.36676025390625,362.1426086425781,356.9371032714844,360.27459716796875,360.27459716796875,5101651,GOOG,2013-01-02,1445.2900390625,26.809999465942386,478.4100036621094,1562,1,1
9063,361.1114807128906,364.598388671875,359.0143127441406,360.48382568359375,360.48382568359375,4653778,GOOG,2013-01-03,1434.8299560546875,26.54999923706055,476.1499938964844,1563,1,1
9064,363.3082275390625,369.3505859375,362.4813232421875,367.6071166992188,367.6071166992188,5547717,GOOG,2013-01-04,1437.010009765625,26.6299991607666,472.260009765625,1564,1,1
9065,366.3518371582031,368.3094787597656,363.9259033203125,366.0031433105469,366.0031433105469,3323812,GOOG,2013-01-07,1437.27001953125,26.6200008392334,471.20001220703125,1565,1,2
9066,366.3966674804688,366.7752380371094,360.8623962402344,365.2808227539063,365.2808227539063,3364765,GOOG,2013-01-08,1428.010009765625,26.45000076293945,470.010009765625,1566,1,2
9067,364.7677612304688,367.7964172363281,362.9396057128906,367.6818237304688,367.6818237304688,4064578,GOOG,2013-01-09,1439.0,26.65999984741211,471.0899963378906,1567,1,2
9068,370.0280456542969,371.1089782714844,365.3804626464844,369.3555603027344,369.3555603027344,3685161,GOOG,2013-01-10,1450.280029296875,26.8700008392334,473.6199951171875,1568,1,2
9069,369.6145935058594,369.8287963867188,366.7752380371094,368.61334228515625,368.61334228515625,2580034,GOOG,2013-01-11,1455.9100341796875,26.979999542236328,474.95001220703125,1569,1,2
9070,367.1239318847656,369.7142333984375,359.8262939453125,360.27459716796875,360.27459716796875,5749269,GOOG,2013-01-14,1459.3399658203125,27.040000915527344,471.4599914550781,1570,1,3
9071,358.3219299316406,366.1276550292969,354.7204284667969,361.1114807128906,361.1114807128906,7884844,GOOG,2013-01-15,1459.0799560546875,27.03000068664551,468.9400024414063,1571,1,3
9072,359.8511962890625,360.8175659179688,355.50250244140625,356.2596435546875,356.2596435546875,4061968,GOOG,2013-01-16,1463.530029296875,27.11000061035156,472.4100036621094,1572,1,3
9073,357.51495361328125,358.4763488769531,354.18243408203125,354.3318786621094,354.3318786621094,4439578,GOOG,2013-01-17,1478.6800537109375,27.43000030517578,473.9599914550781,1573,1,3
9074,353.8536682128906,355.0541687011719,349.35552978515625,350.9396057128906,350.9396057128906,6477790,GOOG,2013-01-18,1477.699951171875,27.3700008392334,472.3900146484375,1574,1,3
9075,351.0143127441406,351.3530578613281,346.46136474609375,350.1226501464844,350.1226501464844,7613230,GOOG,2013-01-22,1481.030029296875,27.440000534057614,473.1499938964844,1576,1,4
9076,366.6208190917969,373.1015319824219,366.5211791992188,369.36553955078125,369.36553955078125,11862498,GOOG,2013-01-23,1485.3299560546875,27.51000022888184,478.9800109863281,1577,1,4
9077,369.2360229492188,377.00189208984375,368.87237548828125,375.6968078613281,375.6968078613281,6790758,GOOG,2013-01-24,1486.25,27.559999465942386,469.2999877929688,1578,1,4
9078,373.98321533203125,377.8238220214844,373.7241821289063,375.42779541015625,375.42779541015625,4468486,GOOG,2013-01-25,1501.8499755859375,27.85000038146973,469.8500061035156,1579,1,4
9079,374.47637939453125,376.3891906738281,372.548583984375,373.9632873535156,373.9632873535156,3266398,GOOG,2013-01-28,1505.4300537109375,27.90999984741211,471.0899963378906,1580,1,5
9080,371.980712890625,377.0616760253906,371.8761291503906,375.4328002929688,375.4328002929688,3507297,GOOG,2013-01-29,1488.739990234375,27.57999992370605,470.989990234375,1581,1,5
9081,375.4626770019531,379.05419921875,375.0492248535156,375.5075073242188,375.5075073242188,3478991,GOOG,2013-01-30,1488.1500244140625,27.54999923706055,469.92999267578125,1582,1,5
9082,373.8536987304688,377.3954162597656,373.7241821289063,376.43402099609375,376.43402099609375,3280651,GOOG,2013-01-31,1487.8599853515625,27.60000038146973,470.0499877929688,1583,1,5
9083,377.6843566894531,386.8500061035156,377.634521484375,386.35186767578125,386.35186767578125,7520283,GOOG,2013-02-01,1507.3699951171875,27.93000030517578,475.42999267578125,1584,2,5
9084,382.41162109375,383.7964477539063,377.7192077636719,378.0928039550781,378.0928039550781,6103793,GOOG,2013-02-04,1484.9599609375,27.540000915527344,467.7900085449219,1585,2,6
9085,379.1438903808594,384.115234375,378.3169860839844,381.4402770996094,381.4402770996094,3755424,GOOG,2013-02-05,1498.31005859375,27.770000457763672,474.42999267578125,1586,2,6
9086,378.1177368164063,385.0367736816406,377.8337707519531,383.6470031738281,383.6470031738281,4171778,GOOG,2013-02-06,1502.8299560546875,27.84000015258789,473.7200012207031,1587,2,6
9087,383.4128723144531,387.9508666992188,381.3207092285156,385.5299377441406,385.5299377441406,5701692,GOOG,2013-02-07,1491.300048828125,27.6299991607666,473.6099853515625,1588,2,6
9088,388.6083984375,391.8661804199219,388.324462890625,391.2186279296875,391.2186279296875,6062840,GOOG,2013-02-08,1501.56005859375,27.809999465942386,478.5199890136719,1589,2,6
9089,387.7466430664063,390.0380554199219,385.4302978515625,389.7491149902344,389.7491149902344,4351851,GOOG,2013-02-11,1498.47998046875,27.770000457763672,479.0299987792969,1590,2,7
9090,389.4153747558594,392.4788818359375,388.2298278808594,388.892333984375,388.892333984375,3731936,GOOG,2013-02-12,1497.2900390625,27.739999771118164,477.9599914550781,1591,2,7
9091,388.6083984375,391.2086486816406,388.5286865234375,389.9682922363281,389.9682922363281,2405382,GOOG,2013-02-13,1499.97998046875,27.78000068664551,476.8399963378906,1592,2,7
9092,388.4091491699219,392.8973388671875,387.4328002929688,392.4390563964844,392.4390563964844,3483609,GOOG,2013-02-14,1508.7900390625,27.96999931335449,477.4700012207031,1593,2,7
9093,392.2298278808594,395.1488952636719,392.0654296875,394.9645690917969,394.9645690917969,5480064,GOOG,2013-02-15,1506.31005859375,27.93000030517578,476.70001220703125,1594,2,7
9094,396.5087890625,401.99322509765625,396.1551208496094,401.9185180664063,401.9185180664063,5885578,GOOG,2013-02-19,1517.3199462890625,28.15999984741211,479.2900085449219,1596,2,8
9095,401.1463928222656,402.97454833984375,394.4166259765625,394.7503662109375,394.7503662109375,5549122,GOOG,2013-02-20,1487.22998046875,27.61000061035156,475.25,1597,2,8
9096,397.5100402832031,401.22113037109375,394.1326904296875,396.2796325683594,396.2796325683594,7039086,GOOG,2013-02-21,1465.3399658203125,27.18000030517578,467.7099914550781,1598,2,8
9097,398.1376953125,399.12896728515625,395.4178771972656,398.3618469238281,398.3618469238281,4123197,GOOG,2013-02-22,1482.5699462890625,27.489999771118164,472.489990234375,1599,2,8
9098,399.6520080566406,402.6955871582031,393.76904296875,393.9085388183594,393.9085388183594,4625071,GOOG,2013-02-25,1457.739990234375,27.059999465942386,465.95001220703125,1600,2,9
9099,396.015625,396.4888610839844,390.7354431152344,393.5897216796875,393.5897216796875,4421511,GOOG,2013-02-26,1467.760009765625,27.239999771118164,469.1499938964844,1601,2,9
9100,395.916015625,400.8724365234375,394.0779113769531,398.3966979980469,398.3966979980469,4067389,GOOG,2013-02-27,1482.8499755859375,27.57999992370605,472.989990234375,1602,2,9
9101,399.0542602539063,401.9882507324219,399.0193786621094,399.1040649414063,399.1040649414063,4548586,GOOG,2013-02-28,1483.010009765625,27.540000915527344,474.75,1603,2,9
9102,397.410400390625,402.0629577636719,396.5885009765625,401.5897521972656,401.5897521972656,4367108,GOOG,2013-03-01,1488.22998046875,27.6200008392334,472.3200073242188,1604,3,9
9103,401.1463928222656,409.8836669921875,400.9969787597656,409.2161560058594,409.2161560058594,5572007,GOOG,2013-03-04,1493.489990234375,27.70000076293945,471.5499877929688,1605,3,10
9104,412.91729736328125,418.50634765625,412.90234375,417.7342224121094,417.7342224121094,8118517,GOOG,2013-03-05,1516.52001953125,28.13999938964844,480.3399963378906,1606,3,10
9105,418.9447021484375,420.42413330078125,412.8575134277344,414.1376953125,414.1376953125,5767537,GOOG,2013-03-06,1518.6600341796875,28.18000030517578,479.7999877929688,1607,3,10
9106,415.47271728515625,416.7479248046875,413.2410583496094,414.74542236328125,414.74542236328125,4120788,GOOG,2013-03-07,1520.52001953125,28.21999931335449,481.510009765625,1608,3,10
9107,415.69189453125,415.9010925292969,410.9845275878906,414.20745849609375,414.20745849609375,5845629,GOOG,2013-03-08,1522.97998046875,28.26000022888184,481.75,1609,3,10
9108,414.2921447753906,418.28216552734375,414.1974792480469,415.8512878417969,415.8512878417969,3201355,GOOG,2013-03-11,1525.93994140625,28.34000015258789,483.6300048828125,1610,3,11
9109,413.803955078125,414.3917541503906,410.297119140625,412.2597351074219,412.2597351074219,4031655,GOOG,2013-03-12,1525.0,28.290000915527344,479.1600036621094,1611,3,11
9110,412.4042053222656,413.79400634765625,409.6196594238281,411.1140441894531,411.1140441894531,3294904,GOOG,2013-03-13,1526.77001953125,28.32999992370605,480.8399963378906,1612,3,11
9111,411.9508972167969,411.9508972167969,407.1688232421875,409.236083984375,409.236083984375,3314778,GOOG,2013-03-14,1533.239990234375,28.459999084472656,483.3900146484375,1613,3,11
9112,407.7217712402344,408.618408203125,405.1513977050781,405.6296081542969,405.6296081542969,6222637,GOOG,2013-03-15,1515.9300537109375,28.10000038146973,483.2900085449219,1614,3,11
9113,400.9969787597656,404.8624877929688,399.2385559082031,402.3867492675781,402.3867492675781,3690381,GOOG,2013-03-18,1503.0999755859375,27.90999984741211,485.05999755859375,1615,3,12
9114,404.1053161621094,408.0953674316406,401.7192687988281,404.1451721191406,404.1451721191406,4212129,GOOG,2013-03-19,1496.2900390625,27.78000068664551,481.8999938964844,1616,3,12
9115,406.8898620605469,407.2286071777344,404.2049560546875,405.8338317871094,405.8338317871094,2938573,GOOG,2013-03-20,1513.2900390625,28.07999992370605,485.3800048828125,1617,3,12
9116,404.1302185058594,406.9347229003906,403.41290283203125,404.1152648925781,404.1152648925781,2966277,GOOG,2013-03-21,1497.4300537109375,27.770000457763672,478.5299987792969,1618,3,12
9117,405.8487854003906,406.0978393554688,403.3082885742188,403.6420593261719,403.6420593261719,2987556,GOOG,2013-03-22,1507.050048828125,27.899999618530273,481.5799865722656,1619,3,12
9118,404.6881408691406,408.08538818359375,401.903564453125,403.3082885742188,403.3082885742188,3436834,GOOG,2013-03-25,1499.3199462890625,27.79999923706055,480.20001220703125,1620,3,13
9119,405.2310791015625,405.4801635742188,402.3867492675781,404.693115234375,404.693115234375,2392735,GOOG,2013-03-26,1511.4000244140625,28.01000022888184,483.0,1621,3,13
9120,401.8338317871094,401.99322509765625,399.1688232421875,399.8313293457031,399.8313293457031,4342616,GOOG,2013-03-27,1515.2099609375,28.07999992370605,482.1199951171875,1622,3,13
9121,400.4938659667969,401.1812744140625,395.1688232421875,395.6121520996094,395.6121520996094,4592750,GOOG,2013-03-28,1524.43994140625,28.239999771118164,482.30999755859375,1623,3,13
9122,396.0206298828125,399.6271057128906,395.1438903808594,399.0990905761719,399.0990905761719,3628148,GOOG,2013-04-01,1506.739990234375,27.93000030517578,478.6600036621094,1625,4,14
9123,400.767822265625,405.89361572265625,400.49884033203125,405.001953125,405.001953125,4098304,GOOG,2013-04-02,1510.489990234375,27.95000076293945,480.8299865722656,1626,4,14
9124,405.211181640625,405.5797729492188,398.8400573730469,401.5947265625,401.5947265625,3490033,GOOG,2013-04-03,1492.1099853515625,27.690000534057614,477.010009765625,1627,4,14
9125,400.62335205078125,401.3705749511719,394.1725463867188,396.0505065917969,396.0505065917969,4913548,GOOG,2013-04-04,1496.3299560546875,27.71999931335449,475.3699951171875,1628,4,14
9126,391.56231689453125,392.0256042480469,386.7503662109375,390.0629577636719,390.0629577636719,6893542,GOOG,2013-04-05,1481.18994140625,27.479999542236328,471.3200073242188,1629,4,14
9127,387.9209899902344,388.3194885253906,382.7652893066406,385.978271484375,385.978271484375,5685431,GOOG,2013-04-08,1486.31005859375,27.5,471.67999267578125,1630,4,15
9128,386.3020324707031,390.4116516113281,385.1115112304688,387.3730163574219,387.3730163574219,4330772,GOOG,2013-04-09,1498.0899658203125,27.790000915527344,476.760009765625,1631,4,15
9129,389.9981994628906,394.6955871582031,386.5511169433594,393.6146240234375,393.6146240234375,3972033,GOOG,2013-04-10,1531.0999755859375,28.3799991607666,485.8699951171875,1632,4,15
9130,394.9595947265625,395.0691833496094,390.5660705566406,393.71923828125,393.71923828125,4072608,GOOG,2013-04-11,1528.4300537109375,28.309999465942386,483.1400146484375,1633,4,15
9131,394.5162658691406,394.571044921875,390.003173828125,393.54986572265625,393.54986572265625,3285670,GOOG,2013-04-12,1522.3900146484375,28.21999931335449,479.80999755859375,1634,4,15
9132,391.5075378417969,397.0119018554688,387.0592041015625,389.5050354003906,389.5050354003906,4924590,GOOG,2013-04-15,1488.5899658203125,27.63999938964844,471.5400085449219,1635,4,16
9133,391.8263244628906,396.5137634277344,390.496337890625,395.2036743164063,395.2036743164063,3497059,GOOG,2013-04-16,1511.6700439453125,28.03000068664551,477.7699890136719,1636,4,16
9134,391.9060363769531,393.9433898925781,387.5971984863281,389.8188781738281,389.8188781738281,4089270,GOOG,2013-04-17,1476.02001953125,27.34000015258789,467.8299865722656,1637,4,16
9135,391.2086486816406,391.4328002929688,379.2086181640625,381.5249633789063,381.5249633789063,6669907,GOOG,2013-04-18,1454.969970703125,26.96999931335449,461.2300109863281,1638,4,16
9136,383.1438903808594,400.2198791503906,381.6993103027344,398.4415283203125,398.4415283203125,11649904,GOOG,2013-04-19,1457.6600341796875,27.01000022888184,461.5199890136719,1639,4,16
9137,398.80517578125,400.4789123535156,386.052978515625,398.5610961914063,398.5610961914063,5788415,GOOG,2013-04-22,1468.739990234375,27.229999542236328,464.4100036621094,1640,4,17
9138,399.0044250488281,406.22735595703125,398.6856384277344,402.4415588378906,402.4415588378906,4601784,GOOG,2013-04-23,1493.030029296875,27.649999618530273,469.760009765625,1641,4,17
9139,402.5461730957031,407.4726867675781,402.4913635253906,405.2061767578125,405.2061767578125,3671912,GOOG,2013-04-24,1504.1800537109375,27.86000061035156,473.2699890136719,1642,4,17
9140,406.6009521484375,406.7105407714844,402.30706787109375,403.039306640625,403.039306640625,3999335,GOOG,2013-04-25,1515.9100341796875,28.10000038146973,475.1700134277344,1643,4,17
9141,402.2921142578125,402.3618469238281,396.80267333984375,399.2136535644531,399.2136535644531,4994049,GOOG,2013-04-26,1504.3399658203125,27.88999938964844,473.9100036621094,1644,4,17
9142,400.125244140625,409.81390380859375,400.0007019042969,408.0007019042969,408.0007019042969,4618848,GOOG,2013-04-29,1518.5699462890625,28.1299991607666,481.70001220703125,1645,4,18
9143,407.9708251953125,412.2746887207031,407.31329345703125,410.74542236328125,410.74542236328125,4630692,GOOG,2013-04-30,1524.5899658203125,28.229999542236328,487.3699951171875,1646,4,18
9144,410.0928649902344,410.8201599121094,406.65576171875,408.6831665039063,408.6831665039063,2920907,GOOG,2013-05-01,1510.8699951171875,27.979999542236328,483.489990234375,1647,5,18
9145,408.5187683105469,415.716796875,407.9957275390625,413.2560119628906,413.2560119628906,4051730,GOOG,2013-05-02,1529.949951171875,28.3700008392334,490.75,1648,5,18
9146,416.91729736328125,421.8189086914063,416.4390869140625,421.2809448242188,421.2809448242188,5044036,GOOG,2013-05-03,1545.5899658203125,28.68000030517578,495.7799987792969,1649,5,18
9147,422.54620361328125,429.3158264160156,422.54620361328125,429.1663818359375,429.1663818359375,4298652,GOOG,2013-05-06,1553.780029296875,28.79999923706055,498.9100036621094,1650,5,19
9148,429.8936462402344,430.3220520019531,423.7467041015625,427.0144348144531,427.0144348144531,3932686,GOOG,2013-05-07,1553.75,28.790000915527344,497.6099853515625,1651,5,19
9149,426.8998718261719,435.308349609375,424.8625183105469,435.183837890625,435.183837890625,4955104,GOOG,2013-05-08,1564.3499755859375,29.0,499.989990234375,1652,5,19
9150,433.7940368652344,438.18756103515625,432.493896484375,434.1128540039063,434.1128540039063,4417697,GOOG,2013-05-09,1560.3199462890625,28.920000076293945,499.6300048828125,1653,5,19
9151,436.0206909179688,438.62591552734375,434.4515686035156,438.47149658203125,438.47149658203125,3809626,GOOG,2013-05-10,1572.3499755859375,29.1299991607666,500.9400024414063,1654,5,19
9152,437.80401611328125,439.5873107910156,435.0592956542969,437.1265563964844,437.1265563964844,2907859,GOOG,2013-05-13,1559.1300048828125,28.93000030517578,500.42999267578125,1655,5,20
9153,437.1116027832031,442.6856994628906,436.9322814941406,441.8936767578125,441.8936767578125,3170439,GOOG,2013-05-14,1567.9000244140625,29.09000015258789,501.1600036621094,1656,5,20
9154,446.0780029296875,456.47900390625,445.34075927734375,456.2349243164063,456.2349243164063,8001680,GOOG,2013-05-15,1579.3900146484375,29.28000068664551,502.5400085449219,1657,5,20
9155,457.78411865234375,458.27227783203125,449.3208312988281,450.24737548828125,450.24737548828125,6443261,GOOG,2013-05-16,1581.3499755859375,29.35000038146973,508.6900024414063,1658,5,20
9156,453.3108825683594,455.0393981933594,448.57861328125,452.8924560546875,452.8924560546875,5604930,GOOG,2013-05-17,1594.489990234375,29.60000038146973,511.95001220703125,1659,5,20
9157,450.8102416992188,458.58111572265625,450.8102416992188,452.56866455078125,452.56866455078125,4562437,GOOG,2013-05-20,1587.699951171875,29.479999542236328,512.030029296875,1660,5,21
9158,452.3146057128906,454.1278076171875,447.1290588378906,451.7915649414063,451.7915649414063,3980866,GOOG,2013-05-21,1588.989990234375,29.53000068664551,511.1099853515625,1661,5,21
9159,449.5948181152344,452.9572143554688,441.7840881347656,443.0493469238281,443.0493469238281,5140396,GOOG,2013-05-22,1566.8800048828125,29.06999969482422,507.3599853515625,1662,5,21
9160,436.8625183105469,443.3183288574219,435.3681335449219,439.7467346191406,439.7467346191406,4567255,GOOG,2013-05-23,1563.0999755859375,29.06999969482422,505.4800109863281,1663,5,21
9161,435.9957885742188,437.7691345214844,433.87872314453125,435.0293884277344,435.0293884277344,4610818,GOOG,2013-05-24,1560.8399658203125,28.96999931335449,504.8500061035156,1664,5,21
9162,440.10040283203125,444.4042663574219,438.5561828613281,438.98956298828125,438.98956298828125,4531923,GOOG,2013-05-28,1571.6099853515625,29.190000534057614,508.4800109863281,1666,5,22
9163,436.2199401855469,437.3556823730469,430.53125,432.5337524414063,432.5337524414063,4041893,GOOG,2013-05-29,1569.7900390625,29.20000076293945,508.0799865722656,1667,5,22
9164,433.33575439453125,437.8089904785156,431.5873107910156,433.7541809082031,433.7541809082031,4257298,GOOG,2013-05-30,1590.4000244140625,29.56999969482422,514.2000122070311,1668,5,22
9165,432.4391174316406,436.8625183105469,432.1402282714844,433.98333740234375,433.98333740234375,3953564,GOOG,2013-05-31,1575.1600341796875,29.309999465942386,508.0,1669,5,22
9166,434.8699951171875,435.3531799316406,425.91357421875,432.1950378417969,432.1950378417969,4969959,GOOG,2013-06-03,1576.3599853515625,29.270000457763672,508.3699951171875,1670,6,23
9167,432.30462646484375,433.6694946289063,425.4403381347656,427.9459533691406,427.9459533691406,3751208,GOOG,2013-06-04,1573.27001953125,29.290000915527344,508.0799865722656,1671,6,23
9168,429.64459228515625,433.10162353515625,426.9646301269531,428.2448425292969,428.2448425292969,4229394,GOOG,2013-06-05,1556.7099609375,28.93000030517578,502.4400024414063,1672,6,23
9169,430.5362548828125,431.5474548339844,422.02813720703125,430.7055969238281,430.7055969238281,5177534,GOOG,2013-06-06,1564.449951171875,29.040000915527344,503.1400146484375,1673,6,23
9170,433.5848083496094,438.35693359375,431.0443420410156,438.2224426269531,438.2224426269531,5369250,GOOG,2013-06-07,1583.27001953125,29.440000534057614,506.489990234375,1674,6,23
9171,439.4030151367188,443.8363952636719,438.4017639160156,443.4478454589844,443.4478454589844,4693125,GOOG,2013-06-10,1581.8599853515625,29.38999938964844,508.67999267578125,1675,6,24
9172,440.3345031738281,441.8438720703125,438.1178283691406,438.2622985839844,438.2622985839844,3528376,GOOG,2013-06-11,1564.02001953125,29.059999465942386,504.75,1676,6,24
9173,441.0767211914063,441.3457336425781,433.2012634277344,434.3619079589844,434.3619079589844,4426128,GOOG,2013-06-12,1547.3199462890625,28.739999771118164,498.92999267578125,1677,6,24
9174,432.86749267578125,438.18756103515625,431.1340026855469,436.8625183105469,436.8625183105469,4155317,GOOG,2013-06-13,1568.5799560546875,29.15999984741211,502.30999755859375,1678,6,24
9175,438.40673828125,440.6981506347656,435.4328918457031,435.8861999511719,435.8861999511719,4506830,GOOG,2013-06-14,1556.8499755859375,28.959999084472656,500.70001220703125,1679,6,24
9176,437.9733581542969,443.0543212890625,437.5001525878906,441.4702758789063,441.4702758789063,4308690,GOOG,2013-06-17,1576.449951171875,29.270000457763672,507.55999755859375,1680,6,25
9177,442.665771484375,448.8177185058594,442.5163269042969,448.62841796875,448.62841796875,4350044,GOOG,2013-06-18,1590.18994140625,29.54999923706055,510.0299987792969,1681,6,25
9178,449.0020446777344,453.7193603515625,447.0742492675781,448.6583251953125,448.6583251953125,5853659,GOOG,2013-06-19,1576.8699951171875,29.3700008392334,509.9800109863281,1682,6,25
9179,445.3258056640625,448.8177185058594,440.0057373046875,440.71807861328125,440.71807861328125,6769278,GOOG,2013-06-20,1539.1500244140625,28.6299991607666,493.760009765625,1683,6,25
9180,442.5113525390625,443.2784729003906,434.9048767089844,438.8201904296875,438.8201904296875,7994453,GOOG,2013-06-21,1536.3800048828125,28.520000457763672,490.1300048828125,1684,6,25
9181,434.3121032714844,436.5238037109375,430.0132141113281,433.27099609375,433.27099609375,6056416,GOOG,2013-06-24,1512.2099609375,28.07999992370605,483.2999877929688,1685,6,26
9182,436.9920349121094,438.1975402832031,430.6408386230469,431.4826965332031,431.4826965332031,5125540,GOOG,2013-06-25,1531.52001953125,28.420000076293945,486.67999267578125,1686,6,26
9183,435.24359130859375,437.36065673828125,433.6595458984375,435.19378662109375,435.19378662109375,3676529,GOOG,2013-06-26,1545.31005859375,28.68000030517578,489.5,1687,6,26
9184,437.7591857910156,440.69317626953125,436.6881713867188,436.89739990234375,436.89739990234375,3867442,GOOG,2013-06-27,1557.6099853515625,28.920000076293945,491.2300109863281,1688,6,26
9185,435.81646728515625,439.27349853515625,435.4627685546875,438.5412292480469,438.5412292480469,4716212,GOOG,2013-06-28,1552.8199462890625,28.85000038146973,489.2300109863281,1689,6,26
9186,441.5698852539063,444.3743896484375,440.84759521484375,442.2822265625,442.2822265625,3462530,GOOG,2013-07-01,1558.2900390625,28.88999938964844,493.739990234375,1690,7,27
9187,443.4378967285156,443.8363952636719,436.9970397949219,439.50762939453125,439.50762939453125,3797180,GOOG,2013-07-02,1553.5400390625,28.75,493.1900024414063,1691,7,27
9188,438.30712890625,442.9248046875,437.6097412109375,441.5599365234375,441.5599365234375,2101849,GOOG,2013-07-03,1558.4100341796875,28.920000076293945,495.9700012207031,1692,7,27
9189,443.3432312011719,446.0331726074219,442.0132141113281,445.0767517089844,445.0767517089844,3416558,GOOG,2013-07-05,1574.3199462890625,29.13999938964844,498.8999938964844,1694,7,27
9190,447.9260559082031,451.44287109375,446.86505126953125,450.8550720214844,450.8550720214844,3953764,GOOG,2013-07-08,1565.56005859375,29.03000068664551,498.2799987792969,1695,7,28
9191,453.7990417480469,454.7704162597656,447.3133544921875,450.9298095703125,450.9298095703125,3973639,GOOG,2013-07-09,1577.68994140625,29.26000022888184,500.239990234375,1696,7,28
9192,450.03814697265625,453.8687744140625,448.5088806152344,451.3034057617188,451.3034057617188,3429607,GOOG,2013-07-10,1591.0999755859375,29.53000068664551,502.80999755859375,1697,7,28
9193,454.7953186035156,458.6857299804688,452.5636901855469,458.40179443359375,458.40179443359375,5187772,GOOG,2013-07-11,1621.6199951171875,30.11000061035156,509.92999267578125,1698,7,28
9194,458.2822570800781,459.7766418457031,455.9111328125,459.7766418457031,459.7766418457031,5155652,GOOG,2013-07-12,1632.9200439453125,30.239999771118164,512.5900268554689,1699,7,28
9195,460.4242248535156,462.2673034667969,456.46905517578125,460.6184997558594,460.6184997558594,3935697,GOOG,2013-07-15,1635.5699462890625,30.36000061035156,514.0599975585939,1700,7,29
9196,461.83392333984375,462.2523498535156,455.2436218261719,458.0879821777344,458.0879821777344,3980866,GOOG,2013-07-16,1636.1700439453125,30.36000061035156,514.1500244140625,1701,7,29
9197,458.7803649902344,461.6994323730469,456.4391479492188,457.5599670410156,457.5599670410156,3023490,GOOG,2013-07-17,1644.8699951171875,30.520000457763672,514.8400268554689,1702,7,29
9198,457.7791442871094,458.2822570800781,449.90863037109375,453.6396484375,453.6396484375,7296246,GOOG,2013-07-18,1649.4300537109375,30.57999992370605,513.3900146484375,1703,7,29
9199,441.6495971679688,449.7890930175781,436.1701354980469,446.6259460449219,446.6259460449219,14773769,GOOG,2013-07-19,1639.989990234375,30.38999938964844,503.3500061035156,1704,7,29
9200,449.31585693359375,454.63092041015625,446.8251953125,453.6495971679688,453.6495971679688,5828164,GOOG,2013-07-22,1639.510009765625,30.3799991607666,505.3699951171875,1705,7,30
9201,453.6495971679688,454.7953186035156,448.1053771972656,450.2124938964844,450.2124938964844,4106736,GOOG,2013-07-23,1630.199951171875,30.25,502.5799865722656,1706,7,30
9202,451.93603515625,453.4503479003906,448.66827392578125,449.76416015625,449.76416015625,4172581,GOOG,2013-07-24,1623.219970703125,30.11000061035156,507.6199951171875,1707,7,30
9203,445.2660217285156,446.7504577636719,441.3855895996094,442.1925659179688,442.1925659179688,6024698,GOOG,2013-07-25,1645.949951171875,30.479999542236328,507.1300048828125,1708,7,30
9204,441.8388671875,443.3332824707031,439.3532104492188,441.0219421386719,441.0219421386719,3568727,GOOG,2013-07-26,1639.719970703125,30.40999984741211,506.0899963378906,1709,7,30
9205,440.79779052734375,445.7392578125,438.8002624511719,439.4877014160156,439.4877014160156,3797983,GOOG,2013-07-29,1633.6199951171875,30.35000038146973,506.8999938964844,1710,7,31
9206,441.0767211914063,446.1327819824219,438.7903137207031,443.7965393066406,443.7965393066406,3524361,GOOG,2013-07-30,1651.3399658203125,30.6200008392334,510.6600036621094,1711,7,31
9207,444.8276672363281,446.58111572265625,441.4353942871094,442.2174682617188,442.2174682617188,4363294,GOOG,2013-07-31,1660.97998046875,30.809999465942386,509.2699890136719,1712,7,31
9208,445.82891845703125,450.5860900878906,445.82891845703125,450.4217224121094,450.4217224121094,4292830,GOOG,2013-08-01,1686.1400146484375,31.26000022888184,515.280029296875,1713,8,31
9209,450.0331726074219,451.8065185546875,448.7280578613281,451.5923156738281,451.5923156738281,3440648,GOOG,2013-08-02,1689.7900390625,31.270000457763672,517.8099975585939,1714,8,31
9210,451.0045166015625,451.06927490234375,447.9210815429688,450.8102416992188,450.8102416992188,2629218,GOOG,2013-08-05,1688.5699462890625,31.28000068664551,518.77001953125,1715,8,32
9211,450.6558227539063,453.1564636230469,446.1925659179688,446.6109924316406,446.6109924316406,3023490,GOOG,2013-08-06,1679.8900146484375,31.149999618530273,515.7100219726561,1716,8,32
9212,445.8488464355469,447.5474853515625,442.8849487304688,443.66204833984375,443.66204833984375,2768739,GOOG,2013-08-07,1675.5799560546875,31.07999992370605,514.25,1717,8,32
9213,446.072998046875,446.2473449707031,440.9920654296875,444.6632995605469,444.6632995605469,2987155,GOOG,2013-08-08,1685.1300048828125,31.290000915527344,516.0700073242189,1718,8,32
9214,443.6172180175781,446.08795166015625,443.3382568359375,443.54248046875,443.54248046875,2657323,GOOG,2013-08-09,1682.2099609375,31.21999931335449,513.8200073242189,1719,8,32
9215,441.7940368652344,441.8438720703125,439.1788635253906,441.1016540527344,441.1016540527344,2764323,GOOG,2013-08-12,1689.25,31.36000061035156,517.3300170898439,1720,8,33
9216,441.7591857910156,442.591064453125,436.4640197753906,438.9795837402344,438.9795837402344,2850244,GOOG,2013-08-13,1697.97998046875,31.51000022888184,521.3400268554689,1721,8,33
9217,437.54498291015625,438.47149658203125,431.9609069824219,433.2809448242188,433.2809448242188,4180009,GOOG,2013-08-14,1688.300048828125,31.34000015258789,521.4099731445311,1722,8,33
9218,430.6059875488281,430.8450927734375,427.3980102539063,428.22491455078125,428.22491455078125,3752412,GOOG,2013-08-15,1652.4300537109375,30.690000534057614,512.219970703125,1723,8,33
9219,429.0318908691406,429.6097106933594,426.6707458496094,426.8550415039063,426.8550415039063,3362757,GOOG,2013-08-16,1650.800048828125,30.68000030517578,512.2899780273439,1724,8,33
9220,427.2535400390625,434.3718566894531,427.1240234375,431.2087097167969,431.2087097167969,3635375,GOOG,2013-08-19,1643.22998046875,30.65999984741211,511.4700012207031,1725,8,34
9221,432.5536804199219,434.4266662597656,430.15765380859375,431.0941467285156,431.0941467285156,2475243,GOOG,2013-08-20,1649.530029296875,30.709999084472656,511.4599914550781,1726,8,34
9222,433.6994018554688,436.81768798828125,431.63214111328125,433.0418395996094,433.0418395996094,3527774,GOOG,2013-08-21,1646.5,30.63999938964844,511.05999755859375,1727,8,34
9223,434.7205505371094,435.7417297363281,433.5001220703125,435.2236633300781,435.2236633300781,1746321,GOOG,2013-08-22,1663.6600341796875,30.90999984741211,513.4500122070311,1728,8,34
9224,437.2759704589844,437.36065673828125,433.2510681152344,433.480224609375,433.480224609375,2162274,GOOG,2013-08-23,1672.9599609375,31.1200008392334,516.719970703125,1729,8,34
9225,433.3756103515625,435.81646728515625,431.4079895019531,431.5773315429688,431.5773315429688,2112890,GOOG,2013-08-26,1667.0699462890625,31.0,514.8200073242189,1730,8,35
9226,428.2049865722656,430.2523193359375,422.3668518066406,423.4876708984375,423.4876708984375,3481200,GOOG,2013-08-27,1631.1199951171875,30.36000061035156,504.2999877929688,1731,8,35
9227,423.5374755859375,426.10784912109375,422.3020935058594,422.6906433105469,422.6906433105469,2669770,GOOG,2013-08-28,1640.9100341796875,30.5,505.3500061035156,1732,8,35
9228,422.9496765136719,428.5835571289063,422.7105712890625,426.1177978515625,426.1177978515625,2968084,GOOG,2013-08-29,1653.0400390625,30.739999771118164,507.6600036621094,1733,8,35
9229,426.2821960449219,427.4179382324219,421.20123291015625,421.8687438964844,421.8687438964844,3737155,GOOG,2013-08-30,1643.5400390625,30.54999923706055,504.9800109863281,1734,8,35
9230,425.5848083496094,431.4777221679688,425.3805541992188,428.5835571289063,428.5835571289063,4110550,GOOG,2013-09-03,1658.4599609375,30.78000068664551,506.6300048828125,1736,9,36
9231,428.5686340332031,435.11907958984375,425.98828125,434.18756103515625,434.18756103515625,4097702,GOOG,2013-09-04,1679.260009765625,31.190000534057614,511.1099853515625,1737,9,36
9232,435.11907958984375,438.2971496582031,434.1775817871094,438.13775634765625,438.13775634765625,2592280,GOOG,2013-09-05,1684.75,31.31999969482422,512.0,1738,9,36
9233,439.5723876953125,440.2398681640625,435.2386169433594,438.147705078125,438.147705078125,3134907,GOOG,2013-09-06,1686.3599853515625,31.36000061035156,512.6099853515625,1739,9,36
9234,440.2149658203125,443.2137145996094,439.5624084472656,442.3669128417969,442.3669128417969,2478455,GOOG,2013-09-09,1704.739990234375,31.649999618530273,519.2000122070311,1740,9,37
9235,443.3482360839844,444.3345336914063,440.3494567871094,442.6757507324219,442.6757507324219,2584852,GOOG,2013-09-10,1724.4599609375,32.060001373291016,522.1400146484375,1741,9,37
9236,442.6109924316406,446.8102416992188,441.3855895996094,446.42169189453125,446.42169189453125,3233274,GOOG,2013-09-11,1731.43994140625,32.15999984741211,519.4099731445311,1742,9,37
9237,447.0244445800781,447.27349853515625,443.3432312011719,444.862548828125,444.862548828125,2199212,GOOG,2013-09-12,1723.550048828125,32.029998779296875,519.0499877929689,1743,9,37
9238,445.5798645019531,446.1676635742188,440.76788330078125,442.875,442.875,2660736,GOOG,2013-09-13,1725.8800048828125,32.060001373291016,519.219970703125,1744,9,37
9239,446.42669677734375,446.8251953125,440.7828369140625,442.2224426269531,442.2224426269531,2683019,GOOG,2013-09-16,1728.25,32.130001068115234,517.5900268554689,1745,9,38
9240,442.048095703125,442.5362548828125,438.8550720214844,441.4005126953125,441.4005126953125,2528241,GOOG,2013-09-17,1743.3499755859375,32.450000762939446,520.6699829101561,1746,9,38
9241,441.5200805664063,450.29718017578125,439.8861999511719,449.973388671875,449.973388671875,3883903,GOOG,2013-09-18,1758.219970703125,32.61999893188477,527.780029296875,1747,9,38
9242,451.3034057617188,451.3034057617188,446.0281677246094,447.5176086425781,447.5176086425781,3207779,GOOG,2013-09-19,1762.4300537109375,32.740001678466804,528.5800170898439,1748,9,38
9243,447.5176086425781,450.37689208984375,446.13775634765625,449.8687744140625,449.8687744140625,8723175,GOOG,2013-09-20,1755.4300537109375,32.549999237060554,525.0,1749,9,38
9244,446.4017639160156,449.11163330078125,440.9472351074219,441.59478759765625,441.59478759765625,3568124,GOOG,2013-09-23,1745.199951171875,32.34999847412109,526.510009765625,1750,9,39
9245,441.59478759765625,443.3880615234375,439.0543212890625,441.76416015625,441.76416015625,2984746,GOOG,2013-09-24,1749.9100341796875,32.47999954223633,525.0599975585939,1751,9,39
9246,441.6196899414063,441.6196899414063,436.1651611328125,436.9771118164063,436.9771118164063,3310362,GOOG,2013-09-25,1754.3199462890625,32.549999237060554,523.7100219726561,1752,9,39
9247,437.5101013183594,439.726806640625,435.86627197265625,437.4453430175781,437.4453430175781,2529245,GOOG,2013-09-26,1759.8299560546875,32.610000610351555,525.2899780273439,1753,9,39
9248,435.776611328125,437.1215515136719,434.0281677246094,436.5586853027344,436.5586853027344,2527037,GOOG,2013-09-27,1754.56005859375,32.52000045776367,522.1799926757811,1754,9,39
9249,432.9173278808594,438.7753601074219,432.5337524414063,436.319580078125,436.319580078125,3457712,GOOG,2013-09-30,1750.280029296875,32.380001068115234,519.260009765625,1755,9,40
9250,438.4814758300781,442.1776123046875,438.3818359375,441.8438720703125,441.8438720703125,3382230,GOOG,2013-10-01,1765.97998046875,32.650001525878906,524.2100219726561,1756,10,40
9251,439.7168273925781,443.0194396972656,437.27099609375,442.3370056152344,442.3370056152344,3001810,GOOG,2013-10-02,1766.0799560546875,32.759998321533196,524.6699829101561,1757,10,40
9252,442.3419799804688,445.380615234375,434.42169189453125,436.40924072265625,436.40924072265625,4249870,GOOG,2013-10-03,1748.5,32.389999389648445,519.27001953125,1758,10,40
9253,435.86627197265625,437.1165771484375,433.3756103515625,434.54620361328125,434.54620361328125,2726180,GOOG,2013-10-04,1769.72998046875,32.84999847412109,521.8099975585939,1759,10,40
9254,432.1053771972656,435.3631591796875,430.4415893554688,431.2535705566406,431.2535705566406,2596897,GOOG,2013-10-07,1758.3699951171875,32.639999389648445,518.2999877929689,1760,10,41
9255,431.0443420410156,431.37310791015625,424.22491455078125,425.2410888671875,425.2410888671875,3901971,GOOG,2013-10-08,1725.5400390625,32.0,509.9599914550781,1761,10,41
9256,426.5412292480469,429.7143249511719,419.9160461425781,426.3320007324219,426.3320007324219,5322475,GOOG,2013-10-09,1719.489990234375,31.90999984741211,511.6400146484375,1762,10,41
9257,430.3070983886719,432.79278564453125,428.4988708496094,432.4989013671875,432.4989013671875,4527507,GOOG,2013-10-10,1752.5,32.52000045776367,520.5900268554689,1763,10,41
9258,431.3980102539063,435.1091003417969,431.0343627929688,434.3668823242188,434.3668823242188,2828362,GOOG,2013-10-11,1762.8800048828125,32.669998168945305,524.75,1764,10,41
9259,431.71185302734375,436.4889221191406,431.0792236328125,436.419189453125,436.419189453125,2496523,GOOG,2013-10-14,1773.8699951171875,32.880001068115234,527.5999755859375,1765,10,42
9260,436.2448425292969,441.1614074707031,435.3681335449219,439.3581848144531,439.3581848144531,3195734,GOOG,2013-10-15,1754.9599609375,32.580001831054695,524.6199951171875,1766,10,42
9261,441.2809753417969,447.4877014160156,440.35443115234375,447.3382568359375,447.3382568359375,4030250,GOOG,2013-10-16,1767.93994140625,32.790000915527344,529.1699829101561,1767,10,42
9262,444.8276672363281,446.775390625,441.21124267578125,442.7355041503906,442.7355041503906,8545110,GOOG,2013-10-17,1778.0799560546875,33.0,528.1500244140625,1768,10,42
9263,486.46661376953125,505.8340148925781,485.1814270019531,503.8165588378906,503.8165588378906,23219507,GOOG,2013-10-18,1799.7099609375,33.389999389648445,537.469970703125,1769,10,42
9264,503.8414916992188,507.597412109375,497.9087219238281,499.7767028808594,499.7767028808594,7283800,GOOG,2013-10-21,1805.3299560546875,33.470001220703125,540.22998046875,1770,10,43
9265,500.62353515625,504.6086120605469,496.0357360839844,501.6198120117188,501.6198120117188,4433757,GOOG,2013-10-22,1799.3900146484375,33.389999389648445,539.3499755859375,1771,10,43
9266,498.6310119628906,515.4429931640625,498.4466857910156,513.7792358398439,513.7792358398439,5346365,GOOG,2013-10-23,1764.449951171875,32.72999954223633,536.75,1772,10,43
9267,514.0083618164061,518.3421020507811,510.486572265625,510.86016845703125,510.86016845703125,4199883,GOOG,2013-10-24,1767.7099609375,32.799999237060554,539.280029296875,1773,10,43
9268,512.4890747070311,512.4890747070311,503.4828186035156,505.7044982910156,505.7044982910156,4076222,GOOG,2013-10-25,1769.760009765625,32.81999969482422,541.52001953125,1774,10,43
9269,505.7044982910156,509.80413818359375,504.6036071777344,505.6048583984375,505.6048583984375,2326086,GOOG,2013-10-28,1773.1600341796875,32.889999389648445,542.97998046875,1775,10,44
9270,507.647216796875,516.5338745117189,504.857666015625,516.1851806640625,516.1851806640625,3222032,GOOG,2013-10-29,1788.43994140625,33.189998626708984,545.9299926757811,1776,10,44
9271,516.7780151367189,516.8178100585939,511.0843200683594,513.2860717773439,513.2860717773439,2658126,GOOG,2013-10-30,1780.97998046875,33.029998779296875,544.6099853515625,1777,10,44
9272,512.5438842773439,518.8153686523439,510.0731201171875,513.3657836914061,513.3657836914061,3292294,GOOG,2013-10-31,1775.280029296875,32.950000762939446,542.6300048828125,1778,10,44
9273,513.968505859375,516.065673828125,510.6360168457031,511.6023864746094,511.6023864746094,2576220,GOOG,2013-11-01,1775.239990234375,32.959999084472656,543.4600219726561,1779,11,44
9274,513.8240356445311,514.2574462890625,509.10675048828125,511.1391296386719,511.1391296386719,2286137,GOOG,2013-11-04,1779.5699462890625,33.040000915527344,545.25,1780,11,45
9275,508.2698669433594,513.8988037109375,506.81036376953125,508.8526916503906,508.8526916503906,2371656,GOOG,2013-11-05,1777.43994140625,32.990001678466804,545.02001953125,1781,11,45
9276,510.88507080078125,511.58245849609375,505.7891845703125,509.4653930664063,509.4653930664063,1832644,GOOG,2013-11-06,1786.4300537109375,33.18000030517578,549.4500122070311,1782,11,45
9277,509.3956604003906,510.0531921386719,501.9385986328125,502.093017578125,502.093017578125,3371791,GOOG,2013-11-07,1758.2099609375,32.65999984741211,542.6900024414061,1783,11,45
9278,502.4915466308594,507.3483276367188,502.36700439453125,506.1179504394531,506.1179504394531,2591276,GOOG,2013-11-08,1781.4300537109375,33.049999237060554,548.530029296875,1784,11,45
9279,502.8701171875,506.0681457519531,502.1179504394531,503.4081115722656,503.4081115722656,2233541,GOOG,2013-11-11,1782.0,33.09000015258789,549.1400146484375,1785,11,46
9280,501.968505859375,506.8800964355469,500.62353515625,504.0008850097656,504.0008850097656,2445331,GOOG,2013-11-12,1791.0999755859375,33.259998321533196,550.9000244140625,1786,11,46
9281,501.4952697753906,514.4965209960939,501.3707275390625,514.3072509765625,514.3072509765625,3170640,GOOG,2013-11-13,1811.5899658203125,33.639999389648445,556.510009765625,1787,11,46
9282,515.029541015625,517.9336547851561,513.251220703125,515.6820678710939,515.6820678710939,2342146,GOOG,2013-11-14,1809.43994140625,33.59999847412109,554.0700073242189,1788,11,46
9283,515.5027465820311,517.0619506835939,513.2312622070311,514.8502197265625,514.8502197265625,2562168,GOOG,2013-11-15,1820.77001953125,33.799999237060554,555.5399780273439,1789,11,46
9284,515.9411010742189,522.411865234375,512.6983032226561,513.8489379882811,513.8489379882811,3532592,GOOG,2013-11-18,1801.260009765625,33.470001220703125,551.8099975585939,1790,11,47
9285,513.9336547851561,515.4429931640625,509.6148376464844,510.6858215332031,510.6858215332031,2271683,GOOG,2013-11-19,1783.77001953125,33.139999389648445,549.4199829101561,1791,11,47
9286,513.0519409179689,514.7506103515625,508.2748718261719,509.2462158203125,509.2462158203125,1934624,GOOG,2013-11-20,1777.6500244140625,33.06999969482422,547.8200073242189,1792,11,47
9287,511.58245849609375,517.2163696289061,511.0843200683594,515.104248046875,515.104248046875,2191785,GOOG,2013-11-21,1800.4599609375,33.52000045776367,553.5,1793,11,47
9288,514.7804565429689,516.1503295898439,512.6882934570311,514.018310546875,514.018310546875,2517802,GOOG,2013-11-22,1801.93994140625,33.509998321533196,552.530029296875,1794,11,47
9289,516.6434936523439,524.6285400390625,515.5775146484375,521.0121459960939,521.0121459960939,3238092,GOOG,2013-11-25,1798.1600341796875,33.450000762939446,552.1400146484375,1795,11,48
9290,522.3421630859375,528.76806640625,519.522705078125,527.2288208007811,527.2288208007811,4589739,GOOG,2013-11-26,1802.3399658203125,33.540000915527344,554.4099731445311,1796,11,48
9291,529.0320434570311,532.0059204101561,528.0208740234375,529.570068359375,529.570068359375,2255623,GOOG,2013-11-27,1810.9200439453125,33.650001525878906,559.8499755859375,1797,11,48
9292,529.0968017578125,531.3184814453125,527.7468872070311,527.8165893554689,527.8165893554689,2394542,GOOG,2013-11-29,1812.469970703125,33.740001678466804,562.3599853515625,1799,11,48
9293,529.769287109375,531.1840209960939,523.4180908203125,525.2711791992189,525.2711791992189,2756694,GOOG,2013-12-02,1810.800048828125,33.669998168945305,560.6099853515625,1800,12,49
9294,523.5127563476561,529.7344360351561,522.5513305664061,524.6634521484375,524.6634521484375,3364765,GOOG,2013-12-03,1813.02001953125,33.72999954223633,562.6900024414061,1801,12,49
9295,523.7219848632811,530.00341796875,523.0394897460939,527.1142578125,527.1142578125,2392133,GOOG,2013-12-04,1817.3800048828125,33.700000762939446,563.6400146484375,1802,12,49
9296,526.6260986328125,527.8515014648439,523.5824584960939,526.69580078125,526.69580078125,2275899,GOOG,2013-12-05,1817.300048828125,33.860000610351555,562.1699829101561,1803,12,49
9297,532.8975830078125,533.002197265625,528.0606689453125,532.9374389648439,532.9374389648439,2868311,GOOG,2013-12-06,1837.1199951171875,34.18000030517578,566.469970703125,1804,12,49
9298,533.4953002929689,539.1342163085939,532.015869140625,537.0570068359375,537.0570068359375,2976314,GOOG,2013-12-09,1839.4200439453125,34.18000030517578,567.8900146484375,1805,12,50
9299,536.065673828125,544.1155395507811,535.816650390625,540.3048095703125,540.3048095703125,3721698,GOOG,2013-12-10,1843.219970703125,34.299999237060554,566.6199951171875,1806,12,50
9300,541.669677734375,543.6223754882811,535.5775146484375,536.633544921875,536.633544921875,3436432,GOOG,2013-12-11,1817.8900146484373,33.830001831054695,561.8300170898439,1807,12,50
9301,537.769287109375,539.447998046875,532.5040283203125,532.9822387695311,532.9822387695311,3204968,GOOG,2013-12-12,1807.9000244140625,33.580001831054695,557.9299926757811,1808,12,50
9302,535.6920776367189,536.1354370117189,526.9697875976561,528.4143676757811,528.4143676757811,4341010,GOOG,2013-12-13,1819.8900146484373,33.880001068115234,556.3800048828125,1809,12,50
9303,530.0133666992189,535.3384399414061,529.0220947265625,534.4866333007811,534.4866333007811,3216009,GOOG,2013-12-16,1833.3299560546875,34.110000610351555,561.77001953125,1810,12,51
9304,534.4069213867189,538.362060546875,532.1951904296875,532.9324340820311,532.9324340820311,3082912,GOOG,2013-12-17,1846.7099609375,34.310001373291016,561.9299926757811,1811,12,51
9305,533.9237060546875,540.4492797851561,527.5426635742189,540.349609375,540.349609375,4437169,GOOG,2013-12-18,1860.969970703125,34.490001678466804,566.1900024414062,1812,12,51
9306,538.3670654296875,543.9561157226561,537.5252075195311,541.0819091796875,541.0819091796875,3343887,GOOG,2013-12-19,1851.969970703125,34.36999893188477,567.0999755859375,1813,12,51
9307,542.1179809570311,548.5289916992189,541.9685668945311,548.2550048828125,548.2550048828125,6547651,GOOG,2013-12-20,1872.8399658203125,34.790000915527344,571.7999877929688,1814,12,51
9308,551.8515014648439,555.816650390625,550.49658203125,555.4679565429689,555.4679565429689,3456106,GOOG,2013-12-23,1890.3399658203125,35.02000045776367,580.1300048828125,1815,12,52
9309,555.4031982421875,555.5377197265625,551.9810180664061,553.8440551757811,553.8440551757811,1473904,GOOG,2013-12-24,1894.050048828125,35.150001525878906,581.3200073242188,1816,12,52
9310,554.9249877929689,557.4107055664061,552.2749633789061,556.6435546875,556.6435546875,2685629,GOOG,2013-12-26,1895.0999755859373,35.15999984741211,583.0800170898438,1818,12,52
9311,557.9088134765625,558.0482788085939,554.3920288085939,557.11181640625,557.11181640625,3151167,GOOG,2013-12-27,1895.449951171875,35.150001525878906,581.9400024414062,1819,12,52
9312,558.0781860351561,558.1578979492189,552.4393310546875,552.6585083007811,552.6585083007811,2481466,GOOG,2013-12-30,1899.699951171875,35.2599983215332,581.260009765625,1820,12,1
9313,554.0433349609375,558.406982421875,551.064453125,558.2625122070311,558.2625122070311,2725979,GOOG,2013-12-31,1910.9200439453125,35.41999816894531,585.47998046875,1821,12,1
9314,555.6472778320311,556.7880249023439,552.0607299804689,554.481689453125,554.481689453125,3656454,GOOG,2014-01-02,1886.81005859375,35.029998779296875,579.239990234375,1823,1,1
9315,555.4181518554689,556.3795776367189,550.4019775390625,550.4368286132811,550.4368286132811,3345894,GOOG,2014-01-03,1883.2099609375,35.009998321533196,576.469970703125,1824,1,1
9316,554.4268798828125,557.3409423828125,551.1541137695311,556.5738525390625,556.5738525390625,3551864,GOOG,2014-01-06,1876.4599609375,34.830001831054695,575.1099853515625,1825,1,2
9317,560.3994750976561,567.717041015625,558.4866333007811,567.3035888671875,567.3035888671875,5124336,GOOG,2014-01-07,1897.7099609375,35.189998626708984,580.3900146484375,1826,1,2
9318,570.8602905273438,571.517822265625,564.5289916992188,568.4841918945312,568.4841918945312,4501811,GOOG,2014-01-08,1912.25,35.4900016784668,580.8599853515625,1827,1,2
9319,569.5850830078125,569.9735717773438,560.678466796875,563.0097045898438,563.0097045898438,4184626,GOOG,2014-01-09,1899.77001953125,35.2599983215332,577.6099853515625,1828,1,2
9320,567.4132080078125,567.4132080078125,559.0296020507811,562.9797973632812,562.9797973632812,4303069,GOOG,2014-01-10,1907.280029296875,35.36999893188477,578.77001953125,1829,1,2
9321,561.1317138671875,571.3135986328125,556.4990844726561,559.3932495117189,559.3932495117189,4855933,GOOG,2014-01-13,1879.8800048828125,34.880001068115234,572.9199829101562,1830,1,3
9322,566.8502807617188,573.3509521484375,561.938720703125,572.553955078125,572.553955078125,4983811,GOOG,2014-01-14,1919.6099853515625,35.630001068115234,583.8200073242188,1831,1,3
9323,574.3422241210938,575.3434448242188,569.7593994140625,572.1654052734375,572.1654052734375,3915020,GOOG,2014-01-15,1945.949951171875,36.099998474121094,590.5999755859375,1832,1,3
9324,572.4044799804688,576.802978515625,571.8565673828125,575.951171875,575.951171875,3380423,GOOG,2014-01-16,1940.989990234375,36.0,590.1799926757812,1833,1,3
9325,576.2650146484375,578.14794921875,569.963623046875,573.1168212890625,573.1168212890625,5422850,GOOG,2014-01-17,1933.06005859375,35.90999984741211,586.9400024414062,1834,1,3
9326,578.2974243164062,579.82666015625,573.5003662109375,579.67724609375,579.67724609375,3974642,GOOG,2014-01-21,1942.239990234375,36.02999877929688,589.8599853515625,1836,1,4
9327,581.1267700195312,581.764404296875,577.2662353515625,580.3347778320312,580.3347778320312,3154580,GOOG,2014-01-22,1953.0699462890625,36.2400016784668,589.8200073242188,1837,1,4
9328,577.8341064453125,579.074462890625,575.0296630859375,577.8839721679688,577.8839721679688,3912811,GOOG,2014-01-23,1941.780029296875,36.0099983215332,587.7000122070312,1838,1,4
9329,573.3558959960938,574.6211547851562,559.4031982421875,559.816650390625,559.816650390625,7814180,GOOG,2014-01-24,1901.5,35.290000915527344,575.6300048828125,1839,1,4
9330,560.9474487304689,561.1466674804689,539.1142578125,548.558837890625,548.558837890625,8739837,GOOG,2014-01-27,1886.0,35.029998779296875,569.8099975585938,1840,1,5
9331,553.0869140625,560.7730712890625,552.8975830078125,559.408203125,559.408203125,4436969,GOOG,2014-01-28,1894.9599609375,35.110000610351555,566.02001953125,1841,1,5
9332,557.470458984375,558.7805786132811,547.6572265625,551.3932495117189,551.3932495117189,4777641,GOOG,2014-01-29,1877.9300537109373,34.810001373291016,560.7100219726561,1842,1,5
9333,570.3621215820312,574.0931396484375,561.520263671875,565.5750732421875,565.5750732421875,10220968,GOOG,2014-01-30,1904.6600341796875,35.34000015258789,569.030029296875,1843,1,5
9334,583.4879150390625,591.0545654296875,573.4157104492188,588.2799682617188,588.2799682617188,11174328,GOOG,2014-01-31,1897.6500244140625,35.220001220703125,570.3300170898438,1844,1,5
9335,587.3983154296875,588.653564453125,563.8914184570312,564.5987548828125,564.5987548828125,9172452,GOOG,2014-02-03,1849.969970703125,34.31999969482422,557.97998046875,1845,2,6
9336,566.8702392578125,575.3434448242188,566.382080078125,566.9548950195312,566.9548950195312,5644879,GOOG,2014-02-04,1863.969970703125,34.59000015258789,560.8900146484375,1846,2,6
9337,569.55517578125,573.2363891601562,561.9038696289061,569.4655151367188,569.4655151367188,4806950,GOOG,2014-02-05,1857.02001953125,34.470001220703125,560.9199829101561,1847,2,6
9338,573.4157104492188,577.913818359375,571.6323852539062,577.814208984375,577.814208984375,3907793,GOOG,2014-02-06,1890.27001953125,35.09999847412109,567.5999755859375,1848,2,6
9339,581.6348876953125,586.750732421875,578.1130981445312,586.5215454101562,586.5215454101562,5292162,GOOG,2014-02-07,1922.300048828125,35.68000030517578,575.8699951171875,1849,2,6
9340,583.7120971679688,588.9923095703125,582.3272705078125,584.2750244140625,584.2750244140625,3904982,GOOG,2014-02-10,1933.0899658203125,35.86999893188477,577.6900024414062,1850,2,7
9341,587.8814697265625,593.7096557617188,583.9163208007812,592.8677978515625,592.8677978515625,4116974,GOOG,2014-02-11,1957.8699951171875,36.33000183105469,584.3300170898438,1851,2,7
9342,592.2799682617188,592.7781372070312,588.4841918945312,591.1292724609375,591.1292724609375,3461928,GOOG,2014-02-12,1966.989990234375,36.47999954223633,586.0800170898438,1852,2,7
9343,588.17041015625,597.7096557617188,587.62744140625,597.7096557617188,597.7096557617188,3686567,GOOG,2014-02-13,1991.1199951171875,36.959999084472656,591.3300170898438,1853,2,7
9344,595.5726318359375,599.9462280273438,594.1729125976562,599.1542358398438,599.1542358398438,4389793,GOOG,2014-02-14,1999.8599853515625,37.13000106811523,592.5999755859375,1854,2,7
9345,598.4617919921875,604.17041015625,597.7594604492188,603.1791381835938,603.1791381835938,4233609,GOOG,2014-02-18,2004.68994140625,37.27000045776367,593.239990234375,1856,2,8
9346,600.3995361328125,602.3522338867188,596.5140991210938,598.9251098632812,598.9251098632812,4222970,GOOG,2014-02-19,2003.6500244140625,37.2400016784668,590.1199951171875,1857,2,8
9347,599.3236083984375,601.1915893554688,597.8690185546875,599.8067626953125,599.8067626953125,3414350,GOOG,2014-02-20,2016.510009765625,37.4900016784668,591.8900146484375,1858,2,8
9348,601.6498413085938,602.676025390625,599.1741333007812,599.6473999023438,599.6473999023438,3738561,GOOG,2014-02-21,2015.6099853515625,37.47999954223633,589.9000244140625,1859,2,8
9349,600.429443359375,607.8018188476562,600.2999267578125,603.9910888671875,603.9910888671875,3361151,GOOG,2014-02-24,2025.22998046875,37.65999984741211,592.9500122070312,1860,2,9
9350,605.69970703125,609.9636840820312,602.9500122070312,607.7221069335938,607.7221069335938,2888185,GOOG,2014-02-25,2017.18994140625,37.47999954223633,591.0,1861,2,9
9351,609.7146606445312,612.1455078125,604.61376953125,607.8067626953125,607.8067626953125,3979260,GOOG,2014-02-26,2028.7900390625,37.72999954223633,591.719970703125,1862,2,9
9352,606.9201049804688,609.8292236328125,606.232666015625,607.32861328125,607.32861328125,2529446,GOOG,2014-02-27,2032.6300048828125,37.790000915527344,595.780029296875,1863,2,9
9353,607.8914794921875,609.8092651367188,600.8578491210938,605.5552368164062,605.5552368164062,4644544,GOOG,2014-02-28,2021.1300048828125,37.459999084472656,595.0900268554688,1864,2,9
9354,601.121826171875,601.664794921875,593.8441162109375,599.0994262695312,599.0994262695312,4225379,GOOG,2014-03-03,2008.9000244140625,37.33000183105469,589.9000244140625,1865,3,10
9355,605.2314453125,605.7295532226562,602.49169921875,605.1865844726562,605.1865844726562,2946403,GOOG,2014-03-04,2042.260009765625,37.97000122070313,599.010009765625,1866,3,10
9356,605.25634765625,609.25634765625,603.4431762695312,606.8553466796875,606.8553466796875,2479860,GOOG,2014-03-05,2044.5,37.959999084472656,599.5599975585938,1867,3,10
9357,608.8578491210938,610.78564453125,607.0247192382812,607.52783203125,607.52783203125,2545706,GOOG,2014-03-06,2046.530029296875,38.04999923706055,599.5999755859375,1868,3,10
9358,611.1094360351562,611.2040405273438,603.4580688476562,605.1268310546875,605.1268310546875,3041558,GOOG,2014-03-07,2036.6600341796875,37.84000015258789,597.8300170898438,1869,3,10
9359,605.5751342773438,606.5465087890625,599.7968139648438,603.5228271484375,603.5228271484375,2438305,GOOG,2014-03-10,2029.77001953125,37.709999084472656,597.1099853515625,1870,3,11
9360,604.6187133789062,604.8927001953125,596.0857543945312,597.7544555664062,597.7544555664062,3438841,GOOG,2014-03-11,2018.1199951171875,37.43999862670898,596.0499877929688,1871,3,11
9361,595.9661865234375,601.6697998046875,589.8839721679688,601.3958129882812,601.3958129882812,3943325,GOOG,2014-03-12,2027.6300048828125,37.63999938964844,597.5,1872,3,11
9362,601.7196044921875,602.9898681640625,590.1679077148438,592.3098754882812,592.3098754882812,4708784,GOOG,2014-03-13,1988.449951171875,36.93999862670898,588.1599731445312,1873,3,11
9363,588.7880859375,593.2114868164062,584.0757446289062,584.2102661132812,584.2102661132812,4604996,GOOG,2014-03-14,1981.8800048828125,36.849998474121094,584.2100219726562,1874,3,11
9364,587.4232177734375,596.2999267578125,586.8553466796875,593.82421875,593.82421875,4340408,GOOG,2014-03-17,2007.6400146484373,37.290000915527344,591.9500122070312,1875,3,12
9365,595.1044311523438,603.5029296875,594.3024291992188,603.368408203125,603.368408203125,3643606,GOOG,2014-03-18,2031.6500244140625,37.7599983215332,599.9600219726562,1876,3,12
9366,603.6373901367188,603.7320556640625,594.9749145507812,597.3858642578125,597.3858642578125,3237891,GOOG,2014-03-19,2024.0899658203125,37.61999893188477,596.8300170898438,1877,3,12
9367,597.7345581054688,602.5465087890625,595.4481201171875,596.3447265625,596.3447265625,3382029,GOOG,2014-03-20,2046.1500244140625,38.0099983215332,600.7100219726562,1878,3,12
9368,600.9026489257812,602.5564575195312,589.0172119140625,589.3110961914062,589.3110961914062,6441052,GOOG,2014-03-21,2024.6600341796875,37.599998474121094,598.0,1879,3,12
9369,589.8839721679688,590.2376708984375,570.8353881835938,576.802978515625,576.802978515625,6096968,GOOG,2014-03-24,2008.8900146484373,37.36000061035156,595.9099731445312,1880,3,13
9370,580.8229370117188,582.7357788085938,571.3583984375,577.196533203125,577.196533203125,4838468,GOOG,2014-03-25,2018.9599609375,37.5,600.219970703125,1881,3,13
9371,578.8353881835938,583.5975341796875,563.6373291015625,563.8714599609375,563.8714599609375,5179341,GOOG,2014-03-26,1992.6700439453125,36.959999084472656,592.3300170898438,1882,3,13
9372,566.44482421875,566.44482421875,551.4061279296875,556.9309692382811,556.9309692382811,13136,GOOG,2014-03-27,1983.81005859375,36.790000915527344,588.6900024414062,1883,3,13
9373,559.6634521484375,564.879150390625,557.140380859375,558.456787109375,558.456787109375,41213,GOOG,2014-03-28,1994.0799560546875,36.95000076293945,591.47998046875,1884,3,13
9374,565.337890625,565.4475708007812,555.4051513671875,555.4450073242189,555.4450073242189,10830,GOOG,2014-03-31,2015.949951171875,37.400001525878906,596.3599853515625,1885,3,14
9375,557.1802368164061,566.8936157226562,557.1802368164061,565.6071166992188,565.6071166992188,7922,GOOG,2014-04-01,2049.679931640625,38.02999877929688,604.2100219726562,1886,4,14
9376,598.3472290039062,603.1740112304688,560.6507568359375,565.4475708007812,565.4475708007812,147103,GOOG,2014-04-02,2047.989990234375,37.97999954223633,604.0700073242188,1887,4,14
9377,568.2897338867188,585.6720581054688,562.58544921875,568.1800537109375,568.1800537109375,5099161,GOOG,2014-04-03,2033.3599853515625,37.72000122070313,600.5999755859375,1888,4,14
9378,573.0765991210938,576.1880493164062,541.5132446289061,541.6528930664061,541.6528930664061,6369339,GOOG,2014-04-04,1979.5,36.7400016784668,587.1799926757812,1889,4,14
9379,539.2594604492189,546.978271484375,525.7066650390625,536.6765747070311,536.6765747070311,4401652,GOOG,2014-04-07,1956.6600341796875,36.2599983215332,582.77001953125,1890,4,15
9380,541.1143798828125,553.4804077148439,540.1270751953125,553.3806762695311,553.3806762695311,3151228,GOOG,2014-04-08,1983.280029296875,36.77000045776367,587.7000122070312,1891,4,15
9381,558.0877685546875,563.822021484375,551.43603515625,562.5953979492189,562.5953979492189,3330820,GOOG,2014-04-09,2009.0400390625,37.2400016784668,596.8699951171875,1892,4,15
9382,563.4530639648438,563.4530639648438,538.4217529296875,539.4688720703125,539.4688720703125,4036853,GOOG,2014-04-10,1943.780029296875,36.06999969482422,581.9199829101562,1893,4,15
9383,531.0918579101561,538.521484375,525.08837890625,529.147216796875,529.147216796875,3924846,GOOG,2014-04-11,1916.0,35.54999923706055,575.1099853515625,1894,4,15
9384,536.7763061523439,542.6102905273439,528.1100463867189,531.0619506835939,531.0619506835939,2575050,GOOG,2014-04-14,1939.739990234375,35.880001068115234,581.1400146484375,1895,4,16
9385,535.3502197265625,536.9757080078125,517.0404663085939,534.9712524414061,534.9712524414061,3855055,GOOG,2014-04-15,1955.56005859375,36.2599983215332,583.7999877929688,1896,4,16
9386,541.5132446289061,555.4749145507811,538.521484375,555.0161743164061,555.0161743164061,4893298,GOOG,2014-04-16,1966.6800537109373,36.45000076293945,589.9299926757812,1897,4,16
9387,547.307373046875,547.9954833984375,529.6957397460939,534.6321411132811,534.6321411132811,6809544,GOOG,2014-04-17,1980.9200439453125,36.7400016784668,588.1300048828125,1898,4,16
9388,534.6321411132811,535.2305297851561,524.160888671875,527.1726684570311,527.1726684570311,2566728,GOOG,2014-04-21,1994.719970703125,36.9900016784668,590.6900024414062,1900,4,17
9389,527.1925659179689,535.7590942382811,526.065673828125,533.345703125,533.345703125,2365376,GOOG,2014-04-22,2007.02001953125,37.22999954223633,593.1900024414062,1901,4,17
9390,532.3284912109375,532.4082641601561,524.8091430664061,525.4972534179689,525.4972534179689,2052319,GOOG,2014-04-23,1995.199951171875,37.0,587.8300170898438,1902,4,17
9391,528.61865234375,530.1943359375,520.6904296875,523.7221069335939,523.7221069335939,1883156,GOOG,2014-04-24,1997.780029296875,37.060001373291016,594.0800170898438,1903,4,17
9392,521.0794067382811,523.2633666992189,514.0087890625,514.7667236328125,514.7667236328125,2100351,GOOG,2014-04-25,1951.8800048828125,36.22999954223633,585.9500122070312,1904,4,17
9393,515.7639770507811,517.1800537109375,501.42333984375,515.7340698242189,515.7340698242189,3335533,GOOG,2014-04-28,1940.97998046875,36.0,591.4299926757812,1905,4,18
9394,515.4847412109375,528.0103759765625,514.9063110351561,526.2551879882811,526.2551879882811,2699090,GOOG,2014-04-29,1958.8599853515625,36.290000915527344,595.7999877929688,1906,4,18
9395,526.1554565429689,526.5543212890625,521.08935546875,525.218017578125,525.218017578125,1751195,GOOG,2014-04-30,1970.0799560546875,36.52000045776367,597.5900268554688,1907,4,18
9396,525.6668090820311,531.4708251953125,522.4456176757811,529.8952026367189,529.8952026367189,1905517,GOOG,2014-05-01,1973.9000244140625,36.59000015258789,597.469970703125,1908,5,18
9397,532.298583984375,532.5379028320311,524.1708984375,526.4845581054689,526.4845581054689,1688523,GOOG,2014-05-02,1974.550048828125,36.63999938964844,596.1300048828125,1909,5,18
9398,523.383056640625,527.451904296875,519.8926391601561,526.3648681640625,526.3648681640625,1024104,GOOG,2014-05-05,1976.6800537109373,36.66999816894531,598.5,1910,5,19
9399,523.7919311523439,525.3676147460939,513.6497802734375,513.7295532226561,513.7295532226561,1689025,GOOG,2014-05-06,1959.030029296875,36.349998474121094,591.4400024414062,1911,5,19
9400,514.3777465820311,515.2653198242189,501.9219665527344,508.5637512207031,508.5637512207031,3224328,GOOG,2014-05-07,1945.6800537109373,36.060001373291016,590.5,1912,5,19
9401,507.0678405761719,515.8138427734375,505.0633544921875,509.60089111328125,509.60089111328125,2021334,GOOG,2014-05-08,1952.1500244140625,36.18999862670898,590.8300170898438,1913,5,19
9402,509.3515625,518.4765014648439,502.8195190429688,517.3097534179689,517.3097534179689,2439479,GOOG,2014-05-09,1955.47998046875,36.290000915527344,591.8499755859375,1914,5,19
9403,522.07666015625,528.7383422851561,517.5889892578125,528.4691162109375,528.4691162109375,1912536,GOOG,2014-05-12,1992.0899658203125,36.97999954223633,600.5999755859375,1915,5,20
9404,529.4364624023439,534.6022338867189,528.0601806640625,531.6304321289061,531.6304321289061,1653427,GOOG,2014-05-13,1984.5699462890625,36.84000015258789,601.0999755859375,1916,5,20
9405,531.5406494140625,531.5406494140625,523.8517456054689,525.2080688476561,525.2080688476561,1191763,GOOG,2014-05-14,1976.81005859375,36.72999954223633,597.5900268554688,1917,5,20
9406,524.2606201171875,524.43017578125,516.0032958984375,518.5562744140625,518.5562744140625,1704367,GOOG,2014-05-15,1964.4000244140625,36.5099983215332,592.8499755859375,1918,5,20
9407,519.9624633789061,520.371337890625,514.0287475585939,519.2045288085939,519.2045288085939,1485267,GOOG,2014-05-16,1978.7099609375,36.72999954223633,596.6300048828125,1919,5,20
9408,518.277099609375,528.3294677734375,516.1658935546875,527.4119873046875,527.4119873046875,1277799,GOOG,2014-05-19,1999.22998046875,37.11999893188477,601.5700073242188,1920,5,21
9409,528.28955078125,534.7618408203125,524.8590087890625,528.3195190429689,528.3195190429689,1784787,GOOG,2014-05-20,1987.77001953125,36.90999984741211,598.6500244140625,1921,5,21
9410,531.44091796875,537.7067260742189,530.45361328125,537.4644165039061,537.4644165039061,1196275,GOOG,2014-05-21,2003.5699462890625,37.18999862670898,603.47998046875,1922,5,21
9411,539.6483764648439,546.1007080078125,539.2993774414061,543.567626953125,543.567626953125,1615824,GOOG,2014-05-22,2014.2099609375,37.41999816894531,604.1400146484375,1923,5,21
9412,545.7615966796875,552.1241455078125,542.2113647460939,551.1867065429689,551.1867065429689,1932190,GOOG,2014-05-23,2033.280029296875,37.7599983215332,610.0,1924,5,21
9413,554.4776611328125,564.4503173828125,552.8322143554689,564.4004516601562,564.4004516601562,2104161,GOOG,2014-05-27,2056.989990234375,38.20000076293945,616.0599975585938,1926,5,22
9414,563.0242309570312,566.2852783203125,559.4639892578125,560.1421508789061,560.1421508789061,1652023,GOOG,2014-05-28,2051.580078125,38.13999938964844,613.969970703125,1927,5,22
9415,561.8075561523439,562.4557495117189,557.1802368164061,558.5465087890625,558.5465087890625,1354108,GOOG,2014-05-29,2060.77001953125,38.27999877929688,618.0,1928,5,22
9416,559.2645263671875,559.8130493164061,554.387939453125,558.3570556640625,558.3570556640625,1771149,GOOG,2014-05-30,2057.6298828125,38.22999954223633,618.4500122070312,1929,5,22
9417,559.164794921875,559.3642578125,544.2357788085939,552.413330078125,552.413330078125,1435029,GOOG,2014-06-02,2063.909912109375,38.29999923706055,617.3499755859375,1930,6,23
9418,549.4813842773439,550.8276977539061,541.0645141601561,543.4479370117189,543.4479370117189,1866611,GOOG,2014-06-03,2062.7900390625,38.31999969482422,616.739990234375,1931,6,23
9419,540.0173950195311,547.10791015625,537.27490234375,543.168701171875,543.168701171875,1816473,GOOG,2014-06-04,2067.7099609375,38.41999816894531,618.3300170898438,1932,6,23
9420,544.9039916992189,553.4305419921875,542.9592895507811,552.3834228515625,552.3834228515625,1689125,GOOG,2014-06-05,2086.7099609375,38.7599983215332,623.3099975585938,1933,6,23
9421,556.5320434570311,556.5320434570311,547.4270629882811,554.8067626953125,554.8067626953125,1736755,GOOG,2014-06-06,2103.18994140625,39.06999969482422,626.02001953125,1934,6,23
9422,555.62451171875,561.3587646484375,554.517578125,560.5809326171875,560.5809326171875,1467518,GOOG,2014-06-09,2106.360107421875,39.11999893188477,627.9400024414062,1935,6,24
9423,558.975341796875,562.056884765625,556.3724975585939,559.0151977539061,559.0151977539061,1351701,GOOG,2014-06-10,2109.429931640625,39.20000076293945,628.739990234375,1936,6,24
9424,556.4722290039061,558.3470458984375,553.5003662109375,557.3098754882811,557.3098754882811,1100112,GOOG,2014-06-11,2113.090087890625,39.2599983215332,627.1500244140625,1937,6,24
9425,555.7741088867189,556.4622192382811,546.9583129882811,549.8403930664061,549.8403930664061,1458493,GOOG,2014-06-12,2101.7900390625,39.04999923706055,621.239990234375,1938,6,24
9426,550.7479248046875,550.787841796875,544.0662841796875,550.249267578125,550.249267578125,1220542,GOOG,2014-06-13,2117.239990234375,39.310001373291016,625.260009765625,1939,6,24
9427,547.7561645507811,548.1151733398439,540.037353515625,542.789794921875,542.789794921875,1702562,GOOG,2014-06-16,2123.35009765625,39.45000076293945,625.4500122070312,1940,6,25
9428,542.7099609375,543.826904296875,537.8533325195311,541.5232543945311,541.5232543945311,1444555,GOOG,2014-06-17,2132.889892578125,39.65999984741211,626.6799926757812,1941,6,25
9429,543.3681640625,552.0443725585939,542.5105590820311,551.8548583984375,551.8548583984375,1741769,GOOG,2014-06-18,2143.22998046875,39.86000061035156,630.0700073242188,1942,6,25
9430,552.7224731445311,553.4804077148439,547.0081787109375,553.3806762695311,553.3806762695311,2456827,GOOG,2014-06-19,2137.139892578125,39.709999084472656,628.8200073242188,1943,6,25
9431,555.3253784179689,556.0533447265625,548.885009765625,554.836669921875,554.836669921875,4508344,GOOG,2014-06-20,2138.320068359375,39.72999954223633,626.77001953125,1944,6,25
9432,553.6300048828125,563.4530639648438,552.7324829101561,563.4031982421875,563.4031982421875,1536808,GOOG,2014-06-23,2137.5,39.68000030517578,628.3900146484375,1945,6,26
9433,563.6425170898438,571.078125,559.4739379882811,563.0740966796875,563.0740966796875,2207143,GOOG,2014-06-24,2130.280029296875,39.5099983215332,625.1900024414062,1946,6,26
9434,563.7123413085938,578.3720703125,563.6724243164062,577.065673828125,577.065673828125,1969392,GOOG,2014-06-25,2140.3798828125,39.709999084472656,628.75,1947,6,26
9435,579.4092407226562,580.8552856445312,570.2843017578125,574.4229125976562,574.4229125976562,1741969,GOOG,2014-06-26,2134.0400390625,39.560001373291016,627.780029296875,1948,6,26
9436,575.5996704101562,578.2823486328125,572.2289428710938,575.6595458984375,575.6595458984375,2236925,GOOG,2014-06-27,2141.68994140625,39.68999862670898,631.469970703125,1949,6,26
9437,577.0756225585938,577.983154296875,573.1763305664062,573.7048950195312,573.7048950195312,1313797,GOOG,2014-06-30,2153.070068359375,39.95000076293945,632.4600219726562,1950,6,27
9438,576.736572265625,582.7999267578125,575.0711669921875,581.0746459960938,581.0746459960938,1447965,GOOG,2014-07-01,2177.77001953125,40.41999816894531,639.2100219726562,1951,7,27
9439,581.7528076171875,583.8370971679688,578.8009033203125,580.7406005859375,580.7406005859375,1056392,GOOG,2014-07-02,2178.2900390625,40.36999893188477,639.3400268554688,1952,7,27
9440,581.7528076171875,583.4082641601562,579.3294677734375,583.1290283203125,583.1290283203125,714155,GOOG,2014-07-03,2193.2900390625,40.65999984741211,642.6699829101562,1953,7,27
9441,582.1616821289062,584.8243408203125,578.0031127929688,580.6558227539062,580.6558227539062,1064615,GOOG,2014-07-07,2180.159912109375,40.38999938964844,642.5599975585938,1955,7,28
9442,576.078369140625,577.9412841796875,564.5849609375,569.5263671875,569.5263671875,1909528,GOOG,2014-07-08,2154.25,39.97999954223633,636.22998046875,1956,7,28
9443,570.0150146484375,575.1409301757812,567.8170776367188,574.502685546875,574.502685546875,1116758,GOOG,2014-07-09,2164.8701171875,40.13999938964844,639.27001953125,1957,7,28
9444,564.3605346679688,575.0112915039062,563.4630126953125,569.5363159179688,569.5363159179688,1356715,GOOG,2014-07-10,2156.679931640625,40.0099983215332,637.4000244140625,1958,7,28
9445,570.3441162109375,579.2596435546875,569.85546875,577.59423828125,577.59423828125,1621740,GOOG,2014-07-11,2164.080078125,40.11999893188477,640.1500244140625,1959,7,28
9446,581.0048217773438,583.6077270507812,576.4473876953125,583.2686157226562,583.2686157226562,1854076,GOOG,2014-07-14,2174.7900390625,40.34000015258789,645.0800170898438,1960,7,29
9447,584.13623046875,584.2010498046875,574.9813842773438,583.1788940429688,583.1788940429688,1623044,GOOG,2014-07-15,2173.0400390625,40.27999877929688,643.8099975585938,1961,7,29
9448,586.3900756835938,586.7890014648438,580.60595703125,581.064697265625,581.064697265625,1397125,GOOG,2014-07-16,2185.0,40.52999877929688,650.0,1962,7,29
9449,577.9432373046875,579.3992309570312,567.0531616210938,572.1591186523438,572.1591186523438,3016559,GOOG,2014-07-17,2150.080078125,39.900001525878906,641.5,1963,7,29
9450,591.3764038085938,595.1659545898438,580.406494140625,593.45068359375,593.45068359375,4014191,GOOG,2014-07-18,2176.39990234375,40.34000015258789,650.0499877929688,1964,7,29
9451,590.1298217773438,592.7725219726562,583.630615234375,587.8560180664062,587.8560180664062,2062146,GOOG,2014-07-21,2176.02001953125,40.36000061035156,649.5599975585938,1965,7,30
9452,589.1026000976562,598.0081787109375,588.9829711914062,593.1116333007812,593.1116333007812,1699152,GOOG,2014-07-22,2190.889892578125,40.61999893188477,655.1599731445312,1966,7,30
9453,591.6057739257812,596.2130737304688,590.8777465820312,594.3482055664062,594.3482055664062,1233176,GOOG,2014-07-23,2172.7900390625,40.29999923706055,656.3400268554688,1967,7,30
9454,594.8169555664062,597.8585815429688,590.1497192382812,591.7254028320312,591.7254028320312,1035134,GOOG,2014-07-24,2185.030029296875,40.540000915527344,656.3499755859375,1968,7,30
9455,588.7835083007812,590.239501953125,585.4227294921875,587.4072875976562,587.4072875976562,932453,GOOG,2014-07-25,2174.280029296875,40.34000015258789,654.8200073242188,1969,7,30
9456,586.4598999023438,590.8777465820312,583.1519775390625,588.9829711914062,588.9829711914062,986802,GOOG,2014-07-28,2175.840087890625,40.36000061035156,655.989990234375,1970,7,31
9457,587.1380004882812,588.0853881835938,581.9173583984375,584.006591796875,584.006591796875,1349896,GOOG,2014-07-29,2168.93994140625,40.27000045776367,652.5700073242188,1971,7,31
9458,584.9440307617188,587.885986328125,582.4010009765625,585.8116455078125,585.8116455078125,1016483,GOOG,2014-07-30,2179.469970703125,40.459999084472656,654.1699829101562,1972,7,31
9459,579.0103149414062,582.052001953125,568.4393310546875,570.0349731445312,570.0349731445312,2102757,GOOG,2014-07-31,2137.27001953125,39.63999938964844,641.3200073242188,1973,7,31
9460,568.8382568359375,574.383056640625,561.3088989257811,564.5200805664062,564.5200805664062,1955253,GOOG,2014-08-01,2128.550048828125,39.5099983215332,638.719970703125,1974,8,31
9461,567.4819946289062,573.7747192382812,562.5554809570311,571.5807495117188,571.5807495117188,1427308,GOOG,2014-08-04,2143.719970703125,39.7599983215332,642.989990234375,1975,8,32
9462,568.4891967773438,570.4139404296875,561.069580078125,563.5228271484375,563.5228271484375,1551247,GOOG,2014-08-05,2126.93994140625,39.47999954223633,636.9500122070312,1976,8,32
9463,560.2418823242189,569.137451171875,558.4667358398439,564.8233032226562,564.8233032226562,1334353,GOOG,2014-08-06,2123.360107421875,39.40999984741211,635.6099853515625,1977,8,32
9464,566.44482421875,568.3296508789062,559.563720703125,561.8175048828125,561.8175048828125,1110942,GOOG,2014-08-07,2109.31005859375,39.15999984741211,632.72998046875,1978,8,32
9465,562.0169677734375,568.6886596679688,558.8157958984375,567.2127075195312,567.2127075195312,1494793,GOOG,2014-08-08,2130.010009765625,39.56999969482422,637.1400146484375,1979,8,32
9466,568.4293823242188,568.927978515625,564.4503173828125,566.3251342773438,566.3251342773438,1214726,GOOG,2014-08-11,2143.830078125,39.810001373291016,640.7999877929688,1980,8,33
9467,562.974365234375,564.3505859375,559.3442993164061,561.1892700195311,561.1892700195311,1542022,GOOG,2014-08-12,2137.929931640625,39.68000030517578,639.5,1981,8,33
9468,565.7567138671875,573.4256591796875,564.2009887695312,573.2062377929688,573.2062377929688,1439241,GOOG,2014-08-13,2159.949951171875,40.09000015258789,646.7899780273438,1982,8,33
9469,574.6024169921875,576.3177490234375,569.3169555664062,573.0765991210938,573.0765991210938,985498,GOOG,2014-08-14,2167.860107421875,40.2400016784668,647.5599975585938,1983,8,33
9470,576.27783203125,577.7936401367188,568.9579467773438,571.9098510742188,571.9098510742188,1519159,GOOG,2014-08-15,2174.1298828125,40.38999938964844,648.2899780273438,1984,8,33
9471,574.5325927734375,582.9096069335938,574.4229125976562,580.5660400390625,580.5660400390625,1284116,GOOG,2014-08-18,2189.760009765625,40.65999984741211,655.1699829101562,1985,8,34
9472,583.3982543945312,585.7318725585938,582.4010009765625,585.253173828125,585.253173828125,978680,GOOG,2014-08-19,2201.8701171875,40.91999816894531,659.6599731445312,1986,8,34
9473,584.27587890625,585.0936279296875,580.9749145507812,582.8896484375,582.8896484375,1036739,GOOG,2014-08-20,2209.0400390625,41.040000915527344,659.6400146484375,1987,8,34
9474,582.2214965820312,582.899658203125,579.548828125,581.7727661132812,581.7727661132812,914805,GOOG,2014-08-21,2214.6201171875,41.150001525878906,663.02001953125,1988,8,34
9475,581.9921264648438,583.6336059570312,579.0502319335938,580.9649658203125,580.9649658203125,789060,GOOG,2014-08-22,2212.60009765625,41.099998474121094,663.1400146484375,1989,8,34
9476,583.1190185546875,583.3982543945312,577.4147338867188,578.6114501953125,578.6114501953125,1361428,GOOG,2014-08-25,2210.489990234375,41.06999969482422,663.239990234375,1990,8,35
9477,579.6685180664062,580.20703125,575.0013427734375,576.27783203125,576.27783203125,1639689,GOOG,2014-08-26,2213.5,41.13999938964844,663.77001953125,1991,8,35
9478,575.689453125,576.9061279296875,568.5420532226562,569.4365844726562,569.4365844726562,1703364,GOOG,2014-08-27,2210.77001953125,41.06999969482422,663.4000244140625,1992,8,35
9479,568.0005493164062,571.6804809570312,565.5473022460938,567.6415405273438,567.6415405273438,1292940,GOOG,2014-08-28,2212.050048828125,41.11000061035156,661.9400024414062,1993,8,35
9480,569.7656860351562,570.4737548828125,565.516357421875,570.0349731445312,570.0349731445312,1083767,GOOG,2014-08-29,2226.97998046875,41.36000061035156,664.8900146484375,1994,8,35
9481,570.2843017578125,576.2479248046875,569.6260986328125,575.749267578125,575.749267578125,1578422,GOOG,2014-09-02,2231.889892578125,41.459999084472656,665.8300170898438,1996,9,36
9482,578.4119873046875,581.393798828125,573.4256591796875,576.3576049804688,576.3576049804688,1215127,GOOG,2014-09-03,2233.909912109375,41.5099983215332,661.1099853515625,1997,9,36
9483,578.4119873046875,584.3955688476562,577.6340942382812,580.3865356445312,580.3865356445312,1458193,GOOG,2014-09-04,2236.3701171875,41.52999877929688,660.5,1998,9,36
9484,582.381103515625,584.9440307617188,580.3566284179688,584.475341796875,584.475341796875,1632369,GOOG,2014-09-05,2255.85009765625,41.88999938964844,664.77001953125,1999,9,36
9485,584.993896484375,590.1497192382812,584.6947021484375,588.1053466796875,588.1053466796875,1431018,GOOG,2014-09-08,2263.449951171875,42.02999877929688,665.77001953125,2000,9,37
9486,587.28759765625,587.3873291015625,578.4119873046875,579.419189453125,579.419189453125,1287224,GOOG,2014-09-09,2243.10009765625,41.66999816894531,661.5,2001,9,37
9487,579.9078369140625,581.9024047851562,575.3603515625,581.5034790039062,581.5034790039062,977376,GOOG,2014-09-10,2252.340087890625,41.81999969482422,667.030029296875,2002,9,37
9488,578.77099609375,580.217041015625,574.6821899414062,579.75830078125,579.75830078125,1221043,GOOG,2014-09-11,2254.919921875,41.90999984741211,667.8400268554688,2003,9,37
9489,579.4092407226562,580.0474853515625,572.8871459960938,574.0439453125,574.0439453125,1601685,GOOG,2014-09-12,2241.070068359375,41.650001525878906,664.9000244140625,2004,9,37
9490,571.3712768554688,573.3757934570312,566.6542358398438,571.5308837890625,571.5308837890625,1597574,GOOG,2014-09-15,2216.14990234375,41.16999816894531,660.7000122070312,2005,9,38
9491,571.1917724609375,579.9078369140625,571.092041015625,578.3621215820312,578.3621215820312,1480353,GOOG,2014-09-16,2240.47998046875,41.63999938964844,665.1699829101562,2006,9,38
9492,578.4219360351562,585.911376953125,577.1903076171875,583.1688842773438,583.1688842773438,1692835,GOOG,2014-09-17,2246.010009765625,41.72000122070313,666.3900146484375,2007,9,38
9493,585.392822265625,587.9258422851562,583.3982543945312,587.6566162109375,587.6566162109375,1444555,GOOG,2014-09-18,2272.639892578125,42.2400016784668,670.760009765625,2008,9,38
9494,589.8804931640625,594.8468627929688,587.885986328125,594.4479370117188,594.4479370117188,3736631,GOOG,2014-09-19,2252.0,41.86000061035156,668.3200073242188,2009,9,38
9495,592.1941528320312,592.32275390625,581.8624877929688,585.7617797851562,585.7617797851562,1689526,GOOG,2014-09-22,2223.14990234375,41.29999923706055,663.22998046875,2010,9,39
9496,585.2432250976562,585.2432250976562,579.4092407226562,579.5388793945312,579.5388793945312,1471429,GOOG,2014-09-23,2216.510009765625,41.150001525878906,661.8499755859375,2011,9,39
9497,579.8679809570312,588.015625,578.9305419921875,586.3800659179688,586.3800659179688,1728132,GOOG,2014-09-24,2238.7099609375,41.560001373291016,666.219970703125,2012,9,39
9498,585.9412841796875,586.3701171875,572.60791015625,573.4854736328125,573.4854736328125,1925973,GOOG,2014-09-25,2195.27001953125,40.75,651.030029296875,2013,9,39
9499,574.4827880859375,577.6640014648438,573.0866088867188,575.5198974609375,575.5198974609375,1443653,GOOG,2014-09-26,2219.719970703125,41.18000030517578,659.0,2014,9,39
9500,570.1845703125,576.60693359375,569.6061401367188,574.7819213867188,574.7819213867188,1282411,GOOG,2014-09-29,2221.8798828125,41.209999084472656,658.3699951171875,2015,9,40
9501,575.3504028320312,578.2623901367188,571.2815551757812,575.7791748046875,575.7791748046875,1621740,GOOG,2014-09-30,2216.81005859375,41.11999893188477,659.9199829101562,2016,9,40
9502,574.4329223632812,575.9985961914062,565.45751953125,566.714111328125,566.714111328125,1445458,GOOG,2014-10-01,2170.510009765625,40.2400016784668,649.0700073242188,2017,10,40
9503,565.7567138671875,570.3441162109375,561.7776489257811,568.5191040039062,568.5191040039062,1178427,GOOG,2014-10-02,2169.469970703125,40.27999877929688,649.3300170898438,2018,10,40
9504,571.4810180664062,575.6445922851562,570.9324951171875,573.7048950195312,573.7048950195312,1141726,GOOG,2014-10-03,2186.159912109375,40.540000915527344,654.3300170898438,2019,10,40
9505,577.2152709960938,579.4092407226562,572.8671875,575.7692260742188,575.7692260742188,1214626,GOOG,2014-10-06,2174.070068359375,40.310001373291016,654.22998046875,2020,10,41
9506,572.8273315429688,573.6949462890625,562.1964721679689,562.1964721679689,562.1964721679689,1911333,GOOG,2014-10-07,2135.280029296875,39.599998474121094,643.4000244140625,2021,10,41
9507,564.021484375,572.3087158203125,555.963623046875,570.9324951171875,570.9324951171875,1990851,GOOG,2014-10-08,2176.570068359375,40.38000106811523,656.1099853515625,2022,10,41
9508,569.6160888671875,569.92529296875,557.529296875,559.3442993164061,559.3442993164061,2524813,GOOG,2014-10-09,2126.760009765625,39.4900016784668,645.1599731445312,2023,10,41
9509,556.1929931640625,563.5827026367188,542.5604248046875,542.9992065429689,542.9992065429689,3081938,GOOG,2014-10-10,2032.760009765625,37.70000076293945,627.1799926757812,2024,10,41
9510,543.497802734375,547.9954833984375,531.640380859375,531.7500610351561,531.7500610351561,2581669,GOOG,2014-10-13,2001.3199462890625,37.150001525878906,619.3599853515625,2025,10,42
9511,537.4244995117189,545.6918334960939,531.710205078125,536.4671020507811,536.4671020507811,2222585,GOOG,2014-10-14,2014.6099853515625,37.36999893188477,621.1099853515625,2026,10,42
9512,529.5560913085939,531.3411865234375,516.8809204101561,528.5787963867189,528.5787963867189,3719384,GOOG,2014-10-15,2017.030029296875,37.5,616.4600219726562,2027,10,42
9513,517.5789794921875,527.9804077148439,513.5899658203125,523.0739135742189,523.0739135742189,3708554,GOOG,2014-10-16,2023.4100341796875,37.540000915527344,612.97998046875,2028,10,42
9514,525.806396484375,529.5261840820311,507.1376647949219,509.7704162597656,509.7704162597656,5539367,GOOG,2014-10-17,2048.169921875,38.02999877929688,620.3200073242188,2029,10,42
9515,508.0551452636719,520.3314208984375,506.7088317871094,519.4139404296875,519.4139404296875,2607539,GOOG,2014-10-20,2069.320068359375,38.40999984741211,624.469970703125,2030,10,43
9516,523.7520141601561,525.34765625,517.6886596679689,525.0983276367189,525.0983276367189,2336297,GOOG,2014-10-21,2128.860107421875,39.5099983215332,637.9600219726562,2031,10,43
9517,528.4391479492189,538.322021484375,527.3521728515625,531.25146484375,531.25146484375,2919293,GOOG,2014-10-22,2108.030029296875,39.11999893188477,634.4400024414062,2032,10,43
9518,537.8433227539061,545.7217407226561,534.3828735351561,542.4906005859375,542.4906005859375,2348831,GOOG,2014-10-23,2138.4599609375,39.68999862670898,644.1400146484375,2033,10,43
9519,542.8695678710939,543.3881225585939,534.322998046875,538.3020629882811,538.3020629882811,1973102,GOOG,2014-10-24,2167.550048828125,40.2400016784668,649.3400268554688,2034,10,43
9520,535.5596313476561,542.91943359375,535.5596313476561,539.2893676757811,539.2893676757811,1185345,GOOG,2014-10-27,2173.580078125,40.310001373291016,649.5900268554688,2035,10,44
9521,541.5132446289061,547.4769287109375,540.1370239257811,547.3970947265625,547.3970947265625,1270980,GOOG,2014-10-28,2208.699951171875,40.95000076293945,658.8200073242188,2036,10,44
9522,548.4940795898439,552.672607421875,545.4823608398439,547.825927734375,547.825927734375,1770548,GOOG,2014-10-29,2197.840087890625,40.75,657.739990234375,2037,10,44
9523,547.4469604492189,551.2864379882811,542.0218505859375,548.8032836914061,548.8032836914061,1455686,GOOG,2014-10-30,2212.8798828125,41.09000015258789,659.280029296875,2038,10,44
9524,557.8184814453125,558.0379028320311,553.2310791015625,557.5492553710939,557.5492553710939,2035072,GOOG,2014-10-31,2263.510009765625,41.959999084472656,670.8699951171875,2039,10,44
9525,553.9790649414061,556.3724975585939,551.7152709960939,553.6998291015625,553.6998291015625,1382285,GOOG,2014-11-03,2272.7900390625,42.209999084472656,673.5499877929688,2040,11,45
9526,551.4859008789061,553.9790649414061,547.7960205078125,552.5928344726561,552.5928344726561,1244207,GOOG,2014-11-04,2275.89990234375,42.2599983215332,673.8599853515625,2041,11,45
9527,555.2755126953125,555.2755126953125,542.5604248046875,544.42529296875,544.42529296875,2032264,GOOG,2014-11-05,2290.93994140625,42.52999877929688,675.6400146484375,2042,11,45
9528,544.0064086914061,545.3876342773439,539.4888305664061,540.555908203125,540.555908203125,1333250,GOOG,2014-11-06,2287.47998046875,42.4900016784668,675.1699829101562,2043,11,45
9529,544.7144775390625,544.7144775390625,537.1951293945311,539.5287475585939,539.5287475585939,1633773,GOOG,2014-11-07,2280.300048828125,42.34000015258789,674.9400024414062,2044,11,45
9530,539.9774780273439,548.085205078125,539.5386962890625,545.990966796875,545.990966796875,1134607,GOOG,2014-11-10,2293.7900390625,42.59000015258789,676.72998046875,2045,11,46
9531,546.9882202148439,550.4287719726561,544.8042602539061,548.7833251953125,548.7833251953125,965544,GOOG,2014-11-11,2291.1298828125,42.5099983215332,677.3599853515625,2046,11,46
9532,548.883056640625,548.9528198242189,543.6773071289061,545.8114624023439,545.8114624023439,1129693,GOOG,2014-11-12,2293.7099609375,42.61000061035156,678.9600219726562,2047,11,46
9533,548.294677734375,548.294677734375,541.991943359375,543.8867797851561,543.8867797851561,1339367,GOOG,2014-11-13,2296.97998046875,42.63000106811523,683.0,2048,11,46
9534,545.1832275390625,545.1832275390625,540.6655883789061,542.909423828125,542.909423828125,1289531,GOOG,2014-11-14,2316.449951171875,42.9900016784668,687.2100219726562,2049,11,46
9535,542.0916748046875,542.3010864257811,532.5987548828125,535.041015625,535.041015625,1726026,GOOG,2014-11-17,2310.6201171875,42.90999984741211,686.0399780273438,2050,11,47
9536,536.0283203125,540.4561767578125,532.7074584960939,533.5651245117189,533.5651245117189,1962674,GOOG,2014-11-18,2326.449951171875,43.2400016784668,688.6599731445312,2051,11,47
9537,533.53515625,536.7662963867189,528.628662109375,535.5197143554689,535.5197143554689,1392212,GOOG,2014-11-19,2313.47998046875,43.0099983215332,684.22998046875,2052,11,47
9538,529.7954711914061,533.6448974609375,529.6259155273439,533.3656616210939,533.3656616210939,1563381,GOOG,2014-11-20,2324.360107421875,43.15999984741211,688.6199951171875,2053,11,47
9539,540.1270751953125,540.6556396484375,535.0908813476561,536.0283203125,536.0283203125,2224290,GOOG,2014-11-21,2343.0,43.540000915527344,690.0700073242188,2054,11,47
9540,536.1779174804689,541.214111328125,534.1535034179689,537.7935180664061,537.7935180664061,1706372,GOOG,2014-11-24,2361.409912109375,43.900001525878906,694.9099731445312,2055,11,48
9541,537.5242309570311,542.4906005859375,537.1273193359375,539.5985107421875,539.5985107421875,1789901,GOOG,2014-11-25,2359.1298828125,43.86000061035156,695.3599853515625,2056,11,48
9542,539.3991088867189,540.0672607421875,535.5715942382811,538.8905029296875,538.8905029296875,1522970,GOOG,2014-11-26,2385.10009765625,44.290000915527344,701.5800170898438,2057,11,48
9543,539.1397705078125,540.5159912109375,535.1307983398439,540.3464965820311,540.3464965820311,1148344,GOOG,2014-11-28,2396.159912109375,44.54999923706055,704.2000122070312,2059,11,48
9544,537.4244995117189,539.9276123046875,530.4037475585939,532.3384399414061,532.3384399414061,2115392,GOOG,2014-12-01,2368.6298828125,44.02000045776367,696.4000244140625,2060,12,49
9545,532.0492553710939,534.0338134765625,528.3494262695311,532.28857421875,532.28857421875,1526680,GOOG,2014-12-02,2378.89990234375,44.22000122070313,698.1900024414062,2061,12,49
9546,529.9849243164061,534.5284423828125,527.8109130859375,529.865234375,529.865234375,1277999,GOOG,2014-12-03,2400.22998046875,44.61000061035156,701.3900146484375,2062,12,49
9547,529.7056884765625,535.8687744140625,527.1427001953125,535.8388671875,535.8388671875,1392112,GOOG,2014-12-04,2401.580078125,44.650001525878906,703.1699829101562,2063,12,49
9548,529.546142578125,531.4309692382811,522.8445434570311,523.8218383789061,523.8218383789061,2565625,GOOG,2014-12-05,2411.06005859375,44.77999877929688,701.0,2064,12,49
9549,525.6867065429689,529.546142578125,522.3558959960939,525.537109375,525.537109375,2329378,GOOG,2014-12-08,2384.719970703125,44.31999969482422,692.4500122070312,2065,12,50
9550,520.7103881835939,532.7274169921875,519.0748901367189,531.90966796875,531.90966796875,1871324,GOOG,2014-12-09,2382.419921875,44.41999816894531,694.1199951171875,2066,12,50
9551,531.6204223632811,534.8615112304689,524.1210327148439,524.61962890625,524.61962890625,1712288,GOOG,2014-12-10,2349.159912109375,43.61999893188477,687.8300170898438,2067,12,50
9552,526.3549194335939,532.4581298828125,525.6567993164061,526.8934326171875,526.8934326171875,1610810,GOOG,2014-12-11,2361.14990234375,43.900001525878906,687.7899780273438,2068,12,50
9553,522.07666015625,527.052978515625,517.2399291992189,517.2399291992189,517.2399291992189,1994561,GOOG,2014-12-12,2328.97998046875,43.310001373291016,677.0399780273438,2069,12,50
9554,521.3087768554689,521.6677856445311,511.86468505859375,512.3932495117189,512.3932495117189,2813403,GOOG,2014-12-15,2313.2099609375,43.02000045776367,673.030029296875,2070,12,51
9555,510.1593627929688,511.645263671875,487.6611328125,494.03363037109375,494.03363037109375,3964254,GOOG,2014-12-16,2288.239990234375,42.52000045776367,663.1300048828125,2071,12,51
9556,495.6392211914063,505.6118469238281,495.4497375488281,503.50762939453125,503.50762939453125,2883194,GOOG,2014-12-17,2330.219970703125,43.27999877929688,675.8499755859375,2072,12,51
9557,511.5455627441406,512.4630126953125,503.3181457519531,509.70062255859375,509.70062255859375,2926713,GOOG,2014-12-18,2382.090087890625,44.22000122070313,696.3800048828125,2073,12,51
9558,510.1094970703125,516.302490234375,505.5230712890625,514.9362182617189,514.9362182617189,3690204,GOOG,2014-12-19,2385.2900390625,44.36999893188477,697.010009765625,2074,12,51
9559,514.6669921875,525.0185546875,514.6669921875,523.4329223632811,523.4329223632811,2723758,GOOG,2014-12-22,2412.139892578125,44.790000915527344,704.5599975585938,2075,12,52
9560,525.5570678710939,533.0963745117189,524.8489990234375,529.1372680664061,529.1372680664061,2197617,GOOG,2014-12-23,2413.030029296875,44.58000183105469,706.510009765625,2076,12,52
9561,529.0574951171875,530.3030395507811,525.5770263671875,527.322265625,527.322265625,705933,GOOG,2014-12-24,2413.97998046875,44.59000015258789,705.8400268554688,2077,12,52
9562,527.322265625,532.7872314453125,525.8662109375,532.5678100585939,532.5678100585939,1040549,GOOG,2014-12-26,2416.43994140625,44.54999923706055,708.739990234375,2079,12,52
9563,530.7328491210939,534.0138549804689,528.559814453125,528.8779907226561,528.8779907226561,2278539,GOOG,2014-12-29,2405.169921875,44.43000030517578,705.27001953125,2080,12,1
9564,526.6441040039061,529.6957397460939,525.6867065429689,528.9677124023439,528.9677124023439,876299,GOOG,2014-12-30,2390.719970703125,44.09000015258789,700.3400268554688,2081,12,1
9565,529.7954711914061,531.1417236328125,524.3603515625,524.958740234375,524.958740234375,1368246,GOOG,2014-12-31,2367.85009765625,43.75,691.9500122070312,2082,12,1
9566,527.5615844726561,529.8153686523439,522.6650390625,523.3731079101561,523.3731079101561,1447563,GOOG,2015-01-02,2365.3798828125,43.650001525878906,690.9199829101562,2084,1,1
9567,521.8273315429689,522.8944091796875,511.6552429199219,512.4630126953125,512.4630126953125,2059840,GOOG,2015-01-05,2327.110107421875,43.0099983215332,678.719970703125,2085,1,2
9568,513.5899658203125,514.76171875,499.6781311035156,500.5856323242188,500.5856323242188,2899940,GOOG,2015-01-06,2283.3798828125,42.06999969482422,670.4199829101562,2086,1,2
9569,505.6118469238281,505.8551635742188,498.2819519042969,499.7279968261719,499.7279968261719,2065054,GOOG,2015-01-07,2300.43994140625,42.4900016784668,676.219970703125,2087,1,2
9570,496.6265258789063,502.1014709472656,489.6556396484375,501.3036804199219,501.3036804199219,3353582,GOOG,2015-01-08,2354.93994140625,43.45000076293945,691.5800170898438,2088,1,2
9571,503.37799072265625,503.53753662109375,493.4352722167969,494.8114929199219,494.8114929199219,2071371,GOOG,2015-01-09,2350.070068359375,43.40999984741211,689.6400146484375,2089,1,2
9572,493.5848693847656,494.6180114746094,486.2250671386719,491.201416015625,491.201416015625,2326771,GOOG,2015-01-12,2314.39990234375,42.7400016784668,680.3699951171875,2090,1,3
9573,497.4741821289063,501.60284423828125,491.0418395996094,494.8214721679688,494.8214721679688,2370490,GOOG,2015-01-13,2298.739990234375,42.41999816894531,679.9299926757812,2091,1,3
9574,493.295654296875,501.8521728515625,491.6501770019531,499.4986267089844,499.4986267089844,2235721,GOOG,2015-01-14,2285.530029296875,42.16999816894531,676.3200073242188,2092,1,3
9575,504.1857604980469,504.2954711914063,496.3971557617188,500.4161071777344,500.4161071777344,2715836,GOOG,2015-01-15,2257.669921875,41.63000106811523,666.4299926757812,2093,1,3
9576,498.6409912109375,506.798583984375,498.6310119628906,506.6888732910156,506.6888732910156,2298293,GOOG,2015-01-16,2292.429931640625,42.27999877929688,672.52001953125,2094,1,3
9577,509.60089111328125,511.0967712402344,504.6305236816406,505.5121154785156,505.5121154785156,2232011,GOOG,2015-01-20,2306.419921875,42.540000915527344,678.030029296875,2096,1,4
9578,505.86114501953125,517.8582153320311,504.8140258789063,516.6216430664061,516.6216430664061,2268712,GOOG,2015-01-21,2317.679931640625,42.77000045776367,679.02001953125,2097,1,4
9579,520.0521850585939,534.8615112304689,518.277099609375,532.9268188476561,532.9268188476561,2676929,GOOG,2015-01-22,2344.6201171875,43.2400016784668,692.2899780273438,2098,1,4
9580,534.12353515625,540.685546875,531.5406494140625,538.4716186523439,538.4716186523439,2281747,GOOG,2015-01-23,2343.300048828125,43.2400016784668,693.4400024414062,2099,1,4
9581,537.0555419921875,537.5242309570311,528.2197875976561,533.74462890625,533.74462890625,1543727,GOOG,2015-01-26,2333.050048828125,43.04999923706055,690.4099731445312,2100,1,5
9582,528.5189208984375,529.2469482421875,516.7711791992189,517.2100219726561,517.2100219726561,1904013,GOOG,2015-01-27,2278.090087890625,42.040000915527344,667.8099975585938,2101,1,5
9583,521.3486328125,521.5580444335939,508.6036376953125,508.6036376953125,508.6036376953125,1683810,GOOG,2015-01-28,2254.949951171875,41.650001525878906,667.3699951171875,2102,1,5
9584,509.60089111328125,509.6906433105469,499.8277282714844,509.2618103027344,509.2618103027344,4186362,GOOG,2015-01-29,2271.7099609375,41.900001525878906,674.5599975585938,2103,1,5
9585,514.4475708007811,538.391845703125,514.1085205078125,533.0565185546875,533.0565185546875,5606350,GOOG,2015-01-30,2229.5400390625,41.09000015258789,664.9199829101562,2104,1,5
9586,530.2741088867189,531.5406494140625,517.1302490234375,527.0330200195311,527.0330200195311,2849803,GOOG,2015-02-02,2243.14990234375,41.400001525878906,671.8400268554688,2105,2,6
9587,526.5543212890625,531.9395751953125,521.8273315429689,527.7909545898439,527.7909545898439,2038682,GOOG,2015-02-03,2280.5,42.060001373291016,678.77001953125,2106,2,6
9588,527.7909545898439,531.2135620117189,519.8427734375,521.3286743164061,521.3286743164061,1663655,GOOG,2015-02-04,2286.830078125,42.2400016784668,679.5999755859375,2107,2,6
9589,522.3558959960939,527.052978515625,520.6605224609375,526.135498046875,526.135498046875,1849765,GOOG,2015-02-05,2303.320068359375,42.5099983215332,685.8099975585938,2108,2,6
9590,526.1953125,535.7291259765625,524.9686889648439,529.546142578125,529.546142578125,1763529,GOOG,2015-02-06,2290.919921875,42.27999877929688,681.47998046875,2109,2,6
9591,526.5543212890625,530.5433959960939,524.5797729492189,526.3848266601561,526.3848266601561,1267771,GOOG,2015-02-09,2281.179931640625,42.13000106811523,680.4600219726562,2110,2,7
9592,527.8507690429689,536.227783203125,525.477294921875,535.4698486328125,535.4698486328125,1749891,GOOG,2015-02-10,2327.52001953125,42.97000122070313,691.260009765625,2111,2,7
9593,533.8343505859375,536.9757080078125,531.9176025390625,534.5025024414061,534.5025024414061,1377772,GOOG,2015-02-11,2334.590087890625,43.11999893188477,694.1900024414062,2112,2,7
9594,535.7789916992189,543.3283081054689,533.2090454101561,541.4434814453125,541.4434814453125,1620236,GOOG,2015-02-12,2372.830078125,43.83000183105469,705.5700073242188,2113,2,7
9595,541.8623046875,548.4043579101561,541.6429443359375,547.5068359375,547.5068359375,1900303,GOOG,2015-02-13,2394.360107421875,44.20000076293945,710.5900268554688,2114,2,7
9596,545.332763671875,548.4940795898439,539.6085205078125,541.3536987304689,541.3536987304689,1616827,GOOG,2015-02-17,2394.760009765625,44.20000076293945,710.5599975585938,2116,2,8
9597,539.9176635742189,543.9964599609375,536.038330078125,538.2222900390625,538.2222900390625,1453079,GOOG,2015-02-18,2387.7099609375,44.09000015258789,711.6699829101562,2117,2,8
9598,536.5668334960939,541.6229858398439,536.5369262695311,541.3836059570311,541.3836059570311,989108,GOOG,2015-02-19,2398.969970703125,44.33000183105469,714.510009765625,2118,2,8
9599,541.6429443359375,542.26123046875,534.3330078125,537.474365234375,537.474365234375,1444355,GOOG,2015-02-20,2417.89990234375,44.65999984741211,719.0,2119,2,8
9600,534.582275390625,534.97021484375,527.9605102539061,530.45361328125,530.45361328125,1457892,GOOG,2015-02-23,2403.949951171875,44.40999984741211,720.1300048828125,2120,2,9
9601,528.5488891601561,535.3202514648439,526.8036499023439,534.6221923828125,534.6221923828125,1005052,GOOG,2015-02-24,2414.449951171875,44.63999938964844,721.280029296875,2121,2,9
9602,534.4327392578125,544.7244873046875,533.9789428710939,542.3809204101561,542.3809204101561,1826000,GOOG,2015-02-25,2406.320068359375,44.45000076293945,716.4500122070312,2122,2,9
9603,541.7227172851561,554.6173095703125,540.0173950195311,553.9591064453125,553.9591064453125,2311529,GOOG,2015-02-26,2417.679931640625,44.68999862670898,721.239990234375,2123,2,9
9604,552.7224731445311,563.163818359375,551.3861694335939,556.87109375,556.87109375,2410199,GOOG,2015-02-27,2411.989990234375,44.58000183105469,717.4099731445312,2124,2,9
9605,558.9953002929689,570.5834350585938,557.2201538085939,569.7756958007812,569.7756958007812,2129631,GOOG,2015-03-02,2450.27001953125,45.2400016784668,724.3900146484375,2125,3,10
9606,568.8881225585938,573.8145751953125,564.9688720703125,572.0693969726562,572.0693969726562,1704768,GOOG,2015-03-03,2409.77001953125,44.560001373291016,718.6300048828125,2126,3,10
9607,570.3042602539062,575.5299072265625,566.4547729492188,571.8001098632812,571.8001098632812,1876839,GOOG,2015-03-04,2405.2900390625,44.47000122070313,716.2899780273438,2127,3,10
9608,573.4456176757812,576.3276977539062,571.8400268554688,573.7547607421875,573.7547607421875,1389605,GOOG,2015-03-05,2416.27001953125,44.68000030517578,715.4099731445312,2128,3,10
9609,573.3059692382812,575.10107421875,565.2081909179688,566.1306762695312,566.1306762695312,1659143,GOOG,2015-03-06,2383.280029296875,44.02999877929688,707.1799926757812,2129,3,10
9610,565.3079223632812,568.7086181640625,561.9920654296875,567.29248046875,567.29248046875,1062108,GOOG,2015-03-09,2389.56005859375,44.150001525878906,710.6599731445312,2130,3,11
9611,562.705078125,563.303466796875,553.211181640625,553.4904174804689,553.4904174804689,1792307,GOOG,2015-03-10,2345.510009765625,43.38999938964844,695.1199951171875,2131,3,11
9612,553.6200561523439,556.61181640625,549.1722412109375,549.6708984375,549.6708984375,1820785,GOOG,2015-03-11,2341.030029296875,43.31999969482422,690.2999877929688,2132,3,11
9613,551.9945068359375,554.8466796875,548.9528198242189,553.989013671875,553.989013671875,1389605,GOOG,2015-03-12,2352.489990234375,43.52000045776367,693.9500122070312,2133,3,11
9614,551.9844970703125,556.87109375,542.7299194335939,545.8214721679689,545.8214721679689,1703564,GOOG,2015-03-13,2350.330078125,43.4900016784668,690.3099975585938,2134,3,11
9615,549.4415283203125,555.3253784179689,544.5050659179689,552.9917602539061,552.9917602539061,1640993,GOOG,2015-03-16,2384.35009765625,44.06999969482422,698.6799926757812,2135,3,12
9616,550.1994018554689,552.28369140625,546.4995727539061,549.331787109375,549.331787109375,1805544,GOOG,2015-03-17,2376.419921875,43.95000076293945,699.0700073242188,2136,3,12
9617,550.9872436523439,558.247314453125,545.5023193359375,557.9680786132811,557.9680786132811,2134544,GOOG,2015-03-18,2400.889892578125,44.38000106811523,707.9299926757812,2137,3,12
9618,557.8583984375,559.2645263671875,554.622314453125,556.4622192382811,556.4622192382811,1197278,GOOG,2015-03-19,2407.72998046875,44.52999877929688,706.719970703125,2138,3,12
9619,560.1121826171875,560.1820068359375,557.5193481445311,558.8257446289061,558.8257446289061,2616865,GOOG,2015-03-20,2431.81005859375,44.9900016784668,710.4600219726562,2139,3,12
9620,558.8955688476561,560.8202514648439,554.3081665039061,557.2799682617189,557.2799682617189,1643801,GOOG,2015-03-23,2418.340087890625,44.70000076293945,711.0900268554688,2140,3,13
9621,561.0197143554689,573.0167846679688,559.6734008789061,568.6288452148438,568.6288452148438,2583273,GOOG,2015-03-24,2401.919921875,44.43999862670898,709.010009765625,2141,3,13
9622,568.93798828125,570.6931762695312,557.210205078125,557.2550659179689,557.2550659179689,2152293,GOOG,2015-03-25,2321.080078125,42.86999893188477,690.1099853515625,2142,3,13
9623,556.0633544921875,557.3697509765625,549.142333984375,553.6499633789061,553.6499633789061,1572606,GOOG,2015-03-26,2304.0,42.52000045776367,690.5499877929688,2143,3,13
9624,551.4859008789061,553.7596435546875,546.6292114257811,546.8386840820311,546.8386840820311,1897495,GOOG,2015-03-27,2340.35009765625,43.13999938964844,691.6900024414062,2144,3,13
9625,550.1096801757811,551.95458984375,546.6691284179689,550.5185546875,550.5185546875,1287525,GOOG,2015-03-30,2378.889892578125,43.88000106811523,699.7000122070312,2145,3,14
9626,548.4940795898439,553.1912231445311,545.2230834960939,546.4995727539061,546.4995727539061,1588048,GOOG,2015-03-31,2352.360107421875,43.43000030517578,693.1199951171875,2146,3,14
9627,547.0979614257811,549.6309814453125,538.0228881835939,541.074462890625,541.074462890625,1963075,GOOG,2015-04-01,2342.7099609375,43.18000030517578,690.0599975585938,2147,4,14
9628,539.369140625,539.369140625,532.3853149414061,534.063720703125,534.063720703125,1716399,GOOG,2015-04-02,2342.56005859375,43.2599983215332,689.6199951171875,2148,4,14
9629,530.7628173828125,536.9358520507811,528.1200561523439,535.2953491210939,535.2953491210939,1324426,GOOG,2015-04-06,2355.06005859375,43.41999816894531,696.4299926757812,2150,4,15
9630,536.6067504882811,541.2041015625,534.532470703125,535.5496215820311,535.5496215820311,1302867,GOOG,2015-04-07,2354.050048828125,43.43999862670898,695.4199829101562,2151,4,15
9631,536.9059448242189,542.3609619140625,536.9059448242189,540.1270751953125,540.1270751953125,1178527,GOOG,2015-04-08,2372.969970703125,43.75,697.1099853515625,2152,4,15
9632,539.5486450195311,540.4661254882811,534.0238647460939,539.2993774414061,539.2993774414061,1557865,GOOG,2015-04-09,2393.449951171875,44.11000061035156,699.9000244140625,2153,4,15
9633,540.8052368164061,540.8052368164061,535.8388671875,538.5314331054689,538.5314331054689,1409459,GOOG,2015-04-10,2405.18994140625,44.400001525878906,702.6099853515625,2154,4,15
9634,536.9358520507811,542.5703735351561,535.8388671875,537.6937866210939,537.6937866210939,1645305,GOOG,2015-04-13,2388.1201171875,44.09000015258789,700.2000122070312,2155,4,16
9635,534.78173828125,536.09814453125,526.6461181640625,528.9378051757811,528.9378051757811,2604130,GOOG,2015-04-14,2380.409912109375,43.88999938964844,697.8400268554688,2156,4,16
9636,527.25244140625,533.2659301757811,521.7874145507811,531.0719604492189,531.0719604492189,2318849,GOOG,2015-04-15,2406.3701171875,44.400001525878906,703.969970703125,2157,4,16
9637,528.4491577148439,534.12353515625,528.159912109375,532.3384399414061,532.3384399414061,1299859,GOOG,2015-04-16,2398.3798828125,44.25,701.9199829101562,2158,4,16
9638,527.2125244140625,528.3892822265625,519.58349609375,522.6151733398439,522.6151733398439,2151892,GOOG,2015-04-17,2366.25,43.66999816894531,691.8099975585938,2159,4,16
9639,524.160888671875,534.6221923828125,523.0639038085939,533.9141235351561,533.9141235351561,1679298,GOOG,2015-04-20,2394.4599609375,44.150001525878906,704.1699829101562,2160,4,17
9640,536.038330078125,537.9131469726561,532.2138061523439,532.5079956054689,532.5079956054689,1844751,GOOG,2015-04-21,2407.739990234375,44.38999938964844,703.7100219726562,2161,4,17
9641,532.9368286132811,539.5985107421875,530.2940673828125,537.8882446289061,537.8882446289061,1593563,GOOG,2015-04-22,2427.199951171875,44.77999877929688,711.4000244140625,2162,4,17
9642,539.5187377929689,549.4514770507811,538.7508544921875,545.5023193359375,545.5023193359375,4184858,GOOG,2015-04-23,2418.659912109375,44.63999938964844,712.8200073242188,2163,4,17
9643,564.550048828125,569.5762329101562,555.7242431640625,563.5128784179688,563.5128784179688,4932505,GOOG,2015-04-24,2409.60009765625,44.43999862670898,719.9400024414062,2164,4,17
9644,563.3900146484375,565.9500122070312,553.2000122070311,555.3699951171875,555.3699951171875,2398000,GOOG,2015-04-27,2408.550048828125,44.43999862670898,722.5399780273438,2165,4,18
9645,554.6400146484375,556.02001953125,550.3660278320311,553.6799926757811,553.6799926757811,1491000,GOOG,2015-04-28,2414.179931640625,44.5,723.760009765625,2166,4,18
9646,550.469970703125,553.6799926757811,546.905029296875,549.0800170898439,549.0800170898439,1698800,GOOG,2015-04-29,2398.840087890625,44.2400016784668,720.260009765625,2167,4,18
9647,547.8699951171875,548.5900268554689,535.0499877929689,537.3400268554689,537.3400268554689,2082200,GOOG,2015-04-30,2370.219970703125,43.75,708.9199829101562,2168,4,18
9648,538.4299926757811,539.5399780273439,532.0999755859375,537.9000244140625,537.9000244140625,1768200,GOOG,2015-05-01,2409.840087890625,44.459999084472656,719.3300170898438,2169,5,18
9649,538.530029296875,544.0700073242189,535.0599975585939,540.780029296875,540.780029296875,1308000,GOOG,2015-05-04,2410.85009765625,44.5099983215332,719.280029296875,2170,5,19
9650,538.2100219726561,539.739990234375,530.3909912109375,530.7999877929689,530.7999877929689,1383100,GOOG,2015-05-05,2368.5,43.68000030517578,708.030029296875,2171,5,19
9651,531.239990234375,532.3800048828125,521.0850219726561,524.219970703125,524.219970703125,1567000,GOOG,2015-05-06,2356.2900390625,43.47000122070313,702.2999877929688,2172,5,19
9652,523.989990234375,533.4600219726561,521.75,530.7000122070311,530.7000122070311,1546300,GOOG,2015-05-07,2373.68994140625,43.810001373291016,706.8400268554688,2173,5,19
9653,536.6500244140625,541.1500244140625,525.0,538.219970703125,538.219970703125,1527600,GOOG,2015-05-08,2394.22998046875,44.18999862670898,717.6900024414062,2174,5,19
9654,538.3699951171875,541.97998046875,535.4000244140625,535.7000122070311,535.7000122070311,905300,GOOG,2015-05-11,2387.699951171875,44.09000015258789,713.6900024414062,2175,5,20
9655,531.5999755859375,533.208984375,525.260009765625,529.0399780273439,529.0399780273439,1634200,GOOG,2015-05-12,2372.919921875,43.81999969482422,709.8499755859375,2176,5,20
9656,530.5599975585939,534.322021484375,528.655029296875,529.6199951171875,529.6199951171875,1252300,GOOG,2015-05-13,2385.7900390625,44.060001373291016,713.1400146484375,2177,5,20
9657,533.77001953125,539.0,532.4099731445311,538.4000244140625,538.4000244140625,1403900,GOOG,2015-05-14,2420.22998046875,44.65999984741211,725.489990234375,2178,5,20
9658,539.1799926757811,539.2739868164061,530.3800048828125,533.8499755859375,533.8499755859375,1971300,GOOG,2015-05-15,2412.260009765625,44.54999923706055,723.0499877929688,2179,5,20
9659,532.010009765625,534.8200073242189,528.8499755859375,532.2999877929689,532.2999877929689,2003400,GOOG,2015-05-18,2425.360107421875,44.77000045776367,726.030029296875,2180,5,21
9660,533.97998046875,540.6599731445311,533.0399780273439,537.3599853515625,537.3599853515625,1966900,GOOG,2015-05-19,2412.820068359375,44.540000915527344,724.2100219726562,2181,5,21
9661,538.489990234375,542.9199829101561,532.9719848632811,539.27001953125,539.27001953125,1430800,GOOG,2015-05-20,2416.3798828125,44.650001525878906,724.239990234375,2182,5,21
9662,537.9500122070311,543.8400268554689,535.97998046875,542.510009765625,542.510009765625,1462700,GOOG,2015-05-21,2421.409912109375,44.72000122070313,726.8300170898438,2183,5,21
9663,540.1500244140625,544.1900024414061,539.510009765625,540.1099853515625,540.1099853515625,1176200,GOOG,2015-05-22,2427.449951171875,44.83000183105469,726.97998046875,2184,5,21
9664,538.1199951171875,539.0,529.8800048828125,532.3200073242189,532.3200073242189,2406500,GOOG,2015-05-26,2399.010009765625,44.310001373291016,716.6199951171875,2186,5,22
9665,532.7999877929689,540.5499877929689,531.7100219726561,539.7899780273439,539.7899780273439,1525000,GOOG,2015-05-27,2456.22998046875,45.40999984741211,729.6500244140625,2187,5,22
9666,538.010009765625,540.6099853515625,536.25,539.780029296875,539.780029296875,1029800,GOOG,2015-05-28,2458.679931640625,45.45000076293945,728.8699951171875,2188,5,22
9667,537.3699951171875,538.6300048828125,531.4500122070311,532.1099853515625,532.1099853515625,2597400,GOOG,2015-05-29,2449.3701171875,45.31999969482422,723.4099731445312,2189,5,22
9668,536.7899780273439,536.7899780273439,529.760009765625,533.989990234375,533.989990234375,1904300,GOOG,2015-06-01,2460.1201171875,45.43999862670898,725.8200073242188,2190,6,23
9669,532.9299926757811,543.0,531.3300170898439,539.1799926757811,539.1799926757811,1939000,GOOG,2015-06-02,2448.219970703125,45.2400016784668,723.780029296875,2191,6,23
9670,539.9099731445311,543.5,537.1099853515625,540.3099975585939,540.3099975585939,1717000,GOOG,2015-06-03,2446.510009765625,45.16999816894531,724.9400024414062,2192,6,23
9671,537.760009765625,540.5900268554689,534.3200073242189,536.7000122070311,536.7000122070311,1348300,GOOG,2015-06-04,2424.85009765625,44.790000915527344,718.219970703125,2193,6,23
9672,536.3499755859375,537.2000122070311,532.52001953125,533.3300170898439,533.3300170898439,1388200,GOOG,2015-06-05,2426.429931640625,44.849998474121094,716.739990234375,2194,6,23
9673,533.3099975585939,534.1199951171875,526.239990234375,526.8300170898439,526.8300170898439,1520600,GOOG,2015-06-08,2391.110107421875,44.20000076293945,708.02001953125,2195,6,24
9674,527.5599975585939,529.2000122070311,523.010009765625,526.6900024414061,526.6900024414061,1455300,GOOG,2015-06-09,2384.7900390625,44.09000015258789,706.7000122070312,2196,6,24
9675,529.3599853515625,538.3599853515625,529.3499755859375,536.6900024414061,536.6900024414061,1815000,GOOG,2015-06-10,2418.52001953125,44.68000030517578,717.969970703125,2197,6,24
9676,538.4249877929689,538.97998046875,533.02001953125,534.6099853515625,534.6099853515625,1217500,GOOG,2015-06-11,2419.080078125,44.709999084472656,717.3699951171875,2198,6,24
9677,531.5999755859375,533.1199951171875,530.1599731445311,532.3300170898439,532.3300170898439,955800,GOOG,2015-06-12,2400.4599609375,44.36000061035156,711.530029296875,2199,6,24
9678,528.0,528.2999877929689,524.0,527.2000122070311,527.2000122070311,1632700,GOOG,2015-06-15,2385.1298828125,44.11000061035156,707.2100219726562,2200,6,25
9679,528.4000244140625,529.6400146484375,525.5599975585939,528.1500244140625,528.1500244140625,1071800,GOOG,2015-06-16,2394.760009765625,44.22999954223633,711.3699951171875,2201,6,25
9680,529.3699951171875,530.97998046875,525.0999755859375,529.260009765625,529.260009765625,1294200,GOOG,2015-06-17,2399.090087890625,44.34000015258789,712.8699951171875,2202,6,25
9681,531.0,538.1500244140625,530.7899780273439,536.72998046875,536.72998046875,1833100,GOOG,2015-06-18,2428.0400390625,44.84000015258789,718.75,2203,6,25
9682,537.2100219726561,538.25,533.010009765625,536.6900024414061,536.6900024414061,1893500,GOOG,2015-06-19,2414.77001953125,44.65999984741211,713.4600219726562,2204,6,25
9683,539.5900268554689,543.739990234375,537.530029296875,538.1900024414061,538.1900024414061,1250300,GOOG,2015-06-22,2431.10009765625,44.90999984741211,718.3400268554688,2205,6,26
9684,539.6400146484375,541.4990234375,535.25,540.47998046875,540.47998046875,1197500,GOOG,2015-06-23,2423.35009765625,44.790000915527344,718.0999755859375,2206,6,26
9685,540.0,540.0,535.6599731445311,537.8400268554689,537.8400268554689,1286600,GOOG,2015-06-24,2403.14990234375,44.36000061035156,715.1900024414062,2207,6,26
9686,538.8699951171875,540.9000244140625,535.22998046875,535.22998046875,535.22998046875,1335700,GOOG,2015-06-25,2394.830078125,44.18999862670898,712.9600219726562,2208,6,26
9687,537.260009765625,537.760009765625,531.3499755859375,531.6900024414061,531.6900024414061,2109100,GOOG,2015-06-26,2355.889892578125,43.459999084472656,706.1799926757812,2209,6,26
9688,525.010009765625,528.6099853515625,520.5399780273439,521.52001953125,521.52001953125,1937800,GOOG,2015-06-29,2299.469970703125,42.400001525878906,690.77001953125,2210,6,27
9689,526.02001953125,526.25,520.5,520.510009765625,520.510009765625,2217200,GOOG,2015-06-30,2298.7900390625,42.41999816894531,691.7999877929688,2211,6,27
9690,524.72998046875,525.6900024414061,518.22998046875,521.8400268554689,521.8400268554689,1961000,GOOG,2015-07-01,2307.60009765625,42.599998474121094,696.219970703125,2212,7,27
9691,521.0800170898439,524.6500244140625,521.0800170898439,523.4000244140625,523.4000244140625,1235900,GOOG,2015-07-02,2311.260009765625,42.65999984741211,697.3499755859375,2213,7,27
9692,519.5,525.25,519.0,522.8599853515625,522.8599853515625,1280500,GOOG,2015-07-06,2286.320068359375,42.22000122070313,694.1599731445312,2215,7,28
9693,523.1300048828125,526.1799926757811,515.1799926757811,525.02001953125,525.02001953125,1597200,GOOG,2015-07-07,2289.699951171875,42.16999816894531,694.4500122070312,2216,7,28
9694,521.0499877929689,522.7340087890625,516.1099853515625,516.8300170898439,516.8300170898439,1296700,GOOG,2015-07-08,2249.93994140625,41.5099983215332,682.8800048828125,2217,7,28
9695,523.1199951171875,523.77001953125,520.3499755859375,520.6799926757811,520.6799926757811,1842300,GOOG,2015-07-09,2241.219970703125,41.43999862670898,680.7000122070312,2218,7,28
9696,526.2899780273439,532.5599975585939,525.5499877929689,530.1300048828125,530.1300048828125,1956700,GOOG,2015-07-10,2266.2099609375,41.810001373291016,691.47998046875,2219,7,28
9697,532.8800048828125,547.1099853515625,532.4000244140625,546.5499877929689,546.5499877929689,2206500,GOOG,2015-07-13,2294.0400390625,42.33000183105469,702.7100219726562,2220,7,29
9698,546.760009765625,565.8489990234375,546.7100219726561,561.0999755859375,561.0999755859375,3244100,GOOG,2015-07-14,2312.030029296875,42.66999816894531,705.4299926757812,2221,7,29
9699,560.1300048828125,566.5029907226562,556.7899780273439,560.219970703125,560.219970703125,1784600,GOOG,2015-07-15,2303.06005859375,42.41999816894531,706.239990234375,2222,7,29
9700,565.1199951171875,580.6799926757812,565.0,579.8499755859375,579.8499755859375,4768300,GOOG,2015-07-16,2309.52001953125,42.56999969482422,715.280029296875,2223,7,29
9701,649.0,674.468017578125,645.0,672.9299926757812,672.9299926757812,11164900,GOOG,2015-07-17,2321.68994140625,42.810001373291016,727.8300170898438,2224,7,29
9702,659.239990234375,668.8800048828125,653.010009765625,663.02001953125,663.02001953125,5860900,GOOG,2015-07-20,2314.050048828125,42.72000122070313,731.6099853515625,2225,7,30
9703,655.2100219726562,673.0,654.2999877929688,662.2999877929688,662.2999877929688,3377200,GOOG,2015-07-21,2317.469970703125,42.7400016784668,728.0800170898438,2226,7,30
9704,660.8900146484375,678.6400146484375,659.0,662.0999755859375,662.0999755859375,3929300,GOOG,2015-07-22,2294.610107421875,42.310001373291016,716.1300048828125,2227,7,30
9705,661.27001953125,663.6300048828125,641.0,644.280029296875,644.280029296875,3029100,GOOG,2015-07-23,2311.60009765625,42.599998474121094,714.2999877929688,2228,7,30
9706,647.0,648.1699829101562,622.52001953125,623.5599975585938,623.5599975585938,3625700,GOOG,2015-07-24,2280.6298828125,42.04999923706055,710.030029296875,2229,7,30
9707,621.0,634.2999877929688,620.5,627.260009765625,627.260009765625,2675400,GOOG,2015-07-27,2257.469970703125,41.56999969482422,703.2000122070312,2230,7,31
9708,632.8300170898438,632.8300170898438,623.3099975585938,628.0,628.0,1727300,GOOG,2015-07-28,2279.93994140625,42.02999877929688,709.77001953125,2231,7,31
9709,628.7999877929688,633.3599853515625,622.6500244140625,631.9299926757812,631.9299926757812,1575100,GOOG,2015-07-29,2295.179931640625,42.349998474121094,714.5900268554688,2232,7,31
9710,630.0,635.219970703125,622.0499877929688,632.5900268554688,632.5900268554688,1474200,GOOG,2015-07-30,2312.179931640625,42.650001525878906,715.5700073242188,2233,7,31
9711,631.3800048828125,632.9099731445312,625.5,625.6099853515625,625.6099853515625,1706100,GOOG,2015-07-31,2298.7900390625,42.38000106811523,712.030029296875,2234,7,31
9712,625.3400268554688,633.0560302734375,625.3400268554688,631.2100219726562,631.2100219726562,1304500,GOOG,2015-08-03,2297.10009765625,42.349998474121094,708.6900024414062,2235,8,32
9713,628.4199829101562,634.8099975585938,627.1599731445312,629.25,629.25,1490900,GOOG,2015-08-04,2288.800048828125,42.18999862670898,703.6799926757812,2236,8,32
9714,634.3300170898438,647.8599853515625,633.1599731445312,643.780029296875,643.780029296875,2334300,GOOG,2015-08-05,2313.840087890625,42.70000076293945,710.8300170898438,2237,8,32
9715,645.0,645.3790283203125,632.25,642.6799926757812,642.6799926757812,1572600,GOOG,2015-08-06,2285.469970703125,42.20000076293945,703.52001953125,2238,8,32
9716,640.22998046875,642.6799926757812,629.7100219726562,635.2999877929688,635.2999877929688,1403900,GOOG,2015-08-07,2293.3798828125,42.34000015258789,703.8300170898438,2239,8,32
9717,639.47998046875,643.4400024414062,631.2490234375,633.72998046875,633.72998046875,1809200,GOOG,2015-08-10,2334.929931640625,43.04999923706055,714.8099975585938,2240,8,33
9718,669.2000122070312,674.9000244140625,654.27001953125,660.780029296875,660.780029296875,5029200,GOOG,2015-08-11,2292.68994140625,42.310001373291016,702.9199829101562,2241,8,33
9719,663.0800170898438,665.0,652.2899780273438,659.5599975585938,659.5599975585938,2936700,GOOG,2015-08-12,2296.8701171875,42.40999984741211,706.6599731445312,2242,8,33
9720,659.322021484375,664.5,651.6610107421875,656.4500122070312,656.4500122070312,1810700,GOOG,2015-08-13,2283.889892578125,42.16999816894531,704.9600219726562,2243,8,33
9721,655.010009765625,659.85498046875,652.6599731445312,657.1199951171875,657.1199951171875,1072100,GOOG,2015-08-14,2288.659912109375,42.290000915527344,708.5700073242188,2244,8,33
9722,656.7999877929688,661.3800048828125,651.239990234375,660.8699951171875,660.8699951171875,1051700,GOOG,2015-08-17,2305.489990234375,42.54999923706055,712.719970703125,2245,8,34
9723,661.9000244140625,664.0,653.4600219726562,656.1300048828125,656.1300048828125,1456100,GOOG,2015-08-18,2281.260009765625,42.150001525878906,708.5499877929688,2246,8,34
9724,656.5999755859375,667.0,654.1900024414062,660.9000244140625,660.9000244140625,2134100,GOOG,2015-08-19,2258.72998046875,41.81999969482422,702.5,2247,8,34
9725,655.4600219726562,662.989990234375,642.9000244140625,646.8300170898438,646.8300170898438,2855300,GOOG,2015-08-20,2191.239990234375,40.5099983215332,685.22998046875,2248,8,34
9726,639.780029296875,640.0499877929688,612.3300170898438,612.47998046875,612.47998046875,4265200,GOOG,2015-08-21,2122.3701171875,39.33000183105469,656.3499755859375,2249,8,34
9727,573.0,599.3300170898438,565.0499877929688,589.6099853515625,589.6099853515625,5770300,GOOG,2015-08-24,2050.419921875,37.849998474121094,633.6300048828125,2250,8,35
9728,614.9099731445312,617.4500122070312,581.1099853515625,582.0599975585938,582.0599975585938,3538000,GOOG,2015-08-25,2023.1199951171875,37.43999862670898,626.1199951171875,2251,8,35
9729,610.3499755859375,631.7100219726562,599.0499877929688,628.6199951171875,628.6199951171875,4235900,GOOG,2015-08-26,2116.18994140625,39.11000061035156,659.1699829101562,2252,8,35
9730,639.4000244140625,643.5900268554688,622.0,637.6099853515625,637.6099853515625,3491300,GOOG,2015-08-27,2178.75,40.25,675.010009765625,2253,8,35
9731,632.8200073242188,636.8800048828125,624.5599975585938,630.3800048828125,630.3800048828125,1978700,GOOG,2015-08-28,2181.719970703125,40.31999969482422,676.6199951171875,2254,8,35
9732,627.5399780273438,635.7999877929688,617.6799926757812,618.25,618.25,2176700,GOOG,2015-08-31,2168.14990234375,40.11000061035156,670.6199951171875,2255,8,36
9733,602.3599853515625,612.8599853515625,594.0999755859375,597.7899780273438,597.7899780273438,3702100,GOOG,2015-09-01,2102.659912109375,38.91999816894531,648.1400146484375,2256,9,36
9734,605.5900268554688,614.3400268554688,599.7100219726562,614.3400268554688,614.3400268554688,2575600,GOOG,2015-09-02,2145.219970703125,39.61999893188477,665.1400146484375,2257,9,36
9735,617.0,619.7100219726562,602.8209838867188,606.25,606.25,1759600,GOOG,2015-09-03,2152.7900390625,39.810001373291016,664.4299926757812,2258,9,36
9736,600.0,603.469970703125,595.25,600.7000122070312,600.7000122070312,2089000,GOOG,2015-09-04,2118.10009765625,39.16999816894531,654.5800170898438,2259,9,36
9737,612.489990234375,616.3099975585938,604.1199951171875,614.6599731445312,614.6599731445312,2279500,GOOG,2015-09-08,2191.139892578125,40.5099983215332,673.1099853515625,2261,9,37
9738,621.219970703125,626.52001953125,609.5999755859375,612.719970703125,612.719970703125,1702100,GOOG,2015-09-09,2161.580078125,39.90999984741211,664.1099853515625,2262,9,37
9739,613.0999755859375,624.1599731445312,611.4299926757812,621.3499755859375,621.3499755859375,1905300,GOOG,2015-09-10,2175.47998046875,40.22000122070313,671.0,2263,9,37
9740,619.75,625.780029296875,617.4199829101562,625.77001953125,625.77001953125,1373500,GOOG,2015-09-11,2181.18994140625,40.2599983215332,675.0900268554688,2264,9,37
9741,625.7000122070312,625.8599853515625,619.4299926757812,623.239990234375,623.239990234375,1702300,GOOG,2015-09-14,2178.469970703125,40.25,673.2100219726562,2265,9,38
9742,626.7000122070312,638.7000122070312,623.780029296875,635.1400146484375,635.1400146484375,2084400,GOOG,2015-09-15,2203.080078125,40.72999954223633,681.739990234375,2266,9,38
9743,635.469970703125,637.9500122070312,632.3200073242188,635.97998046875,635.97998046875,1286500,GOOG,2015-09-16,2216.639892578125,40.97999954223633,685.3599853515625,2267,9,38
9744,637.7899780273438,650.9000244140625,635.02001953125,642.9000244140625,642.9000244140625,2274700,GOOG,2015-09-17,2200.969970703125,40.66999816894531,680.72998046875,2268,9,38
9745,636.7899780273438,640.0,627.02001953125,629.25,629.25,5133400,GOOG,2015-09-18,2166.469970703125,40.08000183105469,671.72998046875,2269,9,38
9746,634.4000244140625,636.489990234375,625.9400024414062,635.4400024414062,635.4400024414062,1788500,GOOG,2015-09-21,2173.360107421875,40.16999816894531,678.4199829101562,2270,9,39
9747,627.0,627.5499877929688,615.4299926757812,622.6900024414062,622.6900024414062,2562900,GOOG,2015-09-22,2131.090087890625,39.41999816894531,667.72998046875,2271,9,39
9748,622.0499877929688,628.9299926757812,620.0,622.3599853515625,622.3599853515625,1470900,GOOG,2015-09-23,2122.1298828125,39.11000061035156,669.3300170898438,2272,9,39
9749,616.6400146484375,627.3200073242188,612.4000244140625,625.7999877929688,625.7999877929688,2240100,GOOG,2015-09-24,2119.800048828125,39.13999938964844,669.3200073242188,2273,9,39
9750,629.77001953125,629.77001953125,611.0,611.969970703125,611.969970703125,2174000,GOOG,2015-09-25,2118.39990234375,39.06999969482422,668.1799926757812,2274,9,39
9751,610.3400268554688,614.60498046875,589.3800048828125,594.8900146484375,594.8900146484375,3127700,GOOG,2015-09-28,2067.889892578125,38.13000106811523,652.4299926757812,2275,9,40
9752,597.280029296875,605.0,590.219970703125,594.969970703125,594.969970703125,2309500,GOOG,2015-09-29,2070.699951171875,38.18000030517578,648.8400268554688,2276,9,40
9753,603.280029296875,608.760009765625,600.72998046875,608.4199829101562,608.4199829101562,2413400,GOOG,2015-09-30,2134.81005859375,39.36999893188477,663.5499877929688,2277,9,40
9754,608.3699951171875,612.0900268554688,599.8499755859375,611.2899780273438,611.2899780273438,1867600,GOOG,2015-10-01,2121.320068359375,39.08000183105469,663.260009765625,2278,10,40
9755,607.2000122070312,627.3400268554688,603.1300048828125,626.9099731445312,626.9099731445312,2684800,GOOG,2015-10-02,2162.56005859375,39.84000015258789,673.3499755859375,2279,10,40
9756,632.0,643.010009765625,627.0,641.469970703125,641.469970703125,1803600,GOOG,2015-10-05,2206.2099609375,40.65999984741211,686.3200073242188,2280,10,41
9757,638.8400268554688,649.25,636.530029296875,645.4400024414062,645.4400024414062,2166300,GOOG,2015-10-06,2212.489990234375,40.810001373291016,687.5599975585938,2281,10,41
9758,649.239990234375,650.6090087890625,632.1500244140625,642.3599853515625,642.3599853515625,2092700,GOOG,2015-10-07,2229.8701171875,41.099998474121094,690.219970703125,2282,10,41
9759,641.3599853515625,644.4500122070312,625.5599975585938,639.1599731445312,639.1599731445312,2182100,GOOG,2015-10-08,2246.050048828125,41.40999984741211,693.3200073242188,2283,10,41
9760,640.0,645.989990234375,635.3179931640625,643.6099853515625,643.6099853515625,1648700,GOOG,2015-10-09,2253.320068359375,41.560001373291016,696.8599853515625,2284,10,41
9761,642.0900268554688,648.5,639.010009765625,646.6699829101562,646.6699829101562,1275200,GOOG,2015-10-12,2256.489990234375,41.560001373291016,698.3099975585938,2285,10,42
9762,643.1500244140625,657.81201171875,643.1500244140625,652.2999877929688,652.2999877929688,1807700,GOOG,2015-10-13,2236.2099609375,41.2400016784668,696.030029296875,2286,10,42
9763,653.2100219726562,659.3900146484375,648.8499755859375,651.1599731445312,651.1599731445312,1415500,GOOG,2015-10-14,2266.610107421875,41.7599983215332,695.3499755859375,2287,10,42
9764,654.6599731445312,663.1300048828125,654.4600219726562,661.739990234375,661.739990234375,1885700,GOOG,2015-10-15,2277.360107421875,41.97999954223633,703.27001953125,2288,10,42
9765,664.1099853515625,664.969970703125,657.2000122070312,662.2000122070312,662.2000122070312,1611100,GOOG,2015-10-16,2283.2099609375,42.11000061035156,705.280029296875,2289,10,42
9766,661.1799926757812,666.8200073242188,659.5800170898438,666.0999755859375,666.0999755859375,1477300,GOOG,2015-10-19,2287.659912109375,42.15999984741211,707.4500122070312,2290,10,43
9767,664.0399780273438,664.719970703125,644.1950073242188,650.280029296875,650.280029296875,2498200,GOOG,2015-10-20,2278.919921875,42.0,704.969970703125,2291,10,43
9768,654.1500244140625,655.8699951171875,641.72998046875,642.6099853515625,642.6099853515625,1791100,GOOG,2015-10-21,2269.330078125,41.81999969482422,699.4600219726562,2292,10,43
9769,646.7000122070312,657.7999877929688,644.010009765625,651.7899780273438,651.7899780273438,4071000,GOOG,2015-10-22,2335.419921875,43.02000045776367,715.97998046875,2293,10,43
9770,727.5,730.0,701.5,702.0,702.0,6653900,GOOG,2015-10-23,2370.43994140625,43.72000122070313,737.780029296875,2294,10,43
9771,701.5499877929688,719.1500244140625,701.260009765625,712.780029296875,712.780029296875,2716600,GOOG,2015-10-26,2353.610107421875,43.41999816894531,735.4199829101562,2295,10,44
9772,707.3800048828125,713.6199951171875,704.5499877929688,708.489990234375,708.489990234375,2245800,GOOG,2015-10-27,2355.510009765625,43.40999984741211,731.4099731445312,2296,10,44
9773,707.3300170898438,712.97998046875,703.0800170898438,712.9500122070312,712.9500122070312,2178900,GOOG,2015-10-28,2374.550048828125,43.81999969482422,742.5700073242188,2297,10,44
9774,710.5,718.260009765625,710.010009765625,716.9199829101562,716.9199829101562,1456000,GOOG,2015-10-29,2332.840087890625,43.060001373291016,740.030029296875,2298,10,44
9775,715.72998046875,718.0,710.0499877929688,710.8099975585938,710.8099975585938,1908800,GOOG,2015-10-30,2346.659912109375,43.349998474121094,734.3300170898438,2299,10,44
9776,711.0599975585938,721.6199951171875,705.8499755859375,721.1099853515625,721.1099853515625,1886300,GOOG,2015-11-02,2366.449951171875,43.650001525878906,741.6099853515625,2300,11,45
9777,718.8599853515625,724.6500244140625,714.719970703125,722.1599731445312,722.1599731445312,1565400,GOOG,2015-11-03,2374.489990234375,43.81999969482422,746.3699951171875,2301,11,45
9778,722.0,733.0999755859375,721.9000244140625,728.1099853515625,728.1099853515625,1706700,GOOG,2015-11-04,2371.52001953125,43.77999877929688,747.0599975585938,2302,11,45
9779,729.469970703125,739.47998046875,729.469970703125,731.25,731.25,1861600,GOOG,2015-11-05,2361.530029296875,43.61999893188477,744.6799926757812,2303,11,45
9780,731.5,735.4099731445312,727.010009765625,733.760009765625,733.760009765625,1511600,GOOG,2015-11-06,2389.699951171875,44.08000183105469,747.72998046875,2304,11,45
9781,730.2000122070312,734.7100219726562,719.4299926757812,724.8900146484375,724.8900146484375,2069800,GOOG,2015-11-09,2362.5,43.61999893188477,740.22998046875,2305,11,46
9782,724.4000244140625,730.5900268554688,718.5,728.3200073242188,728.3200073242188,1608000,GOOG,2015-11-10,2342.3798828125,43.209999084472656,734.9000244140625,2306,11,46
9783,732.4600219726562,741.0,730.22998046875,735.4000244140625,735.4000244140625,1366400,GOOG,2015-11-11,2336.469970703125,43.150001525878906,734.6300048828125,2307,11,46
9784,731.0,737.7999877929688,728.64501953125,731.22998046875,731.22998046875,1837200,GOOG,2015-11-12,2310.090087890625,42.650001525878906,727.9199829101562,2308,11,46
9785,729.1699829101562,731.1500244140625,716.72998046875,717.0,717.0,2075500,GOOG,2015-11-13,2270.3701171875,41.90999984741211,713.2899780273438,2309,11,46
9786,715.5999755859375,729.489990234375,711.3300170898438,728.9600219726562,728.9600219726562,1905900,GOOG,2015-11-16,2301.110107421875,42.5,723.4299926757812,2310,11,47
9787,729.2899780273438,731.844970703125,723.0269775390625,725.2999877929688,725.2999877929688,1510900,GOOG,2015-11-17,2305.080078125,42.59000015258789,722.780029296875,2311,11,47
9788,727.5800170898438,741.4099731445312,727.0,740.0,740.0,1684300,GOOG,2015-11-18,2330.699951171875,43.060001373291016,734.3499755859375,2312,11,47
9789,738.739990234375,742.0,737.4299926757812,738.4099731445312,738.4099731445312,1327100,GOOG,2015-11-19,2335.840087890625,43.16999816894531,737.469970703125,2313,11,47
9790,746.530029296875,757.9199829101562,743.0,756.5999755859375,756.5999755859375,2212300,GOOG,2015-11-20,2345.330078125,43.29999923706055,743.8099975585938,2314,11,47
9791,757.4500122070312,762.7080078125,751.8200073242188,755.97998046875,755.97998046875,1414500,GOOG,2015-11-23,2332.760009765625,43.11000061035156,739.97998046875,2315,11,48
9792,752.0,755.2789916992188,737.6300048828125,748.280029296875,748.280029296875,2333100,GOOG,2015-11-24,2346.760009765625,43.40999984741211,740.0900268554688,2316,11,48
9793,748.1400146484375,752.0,746.0599975585938,748.1500244140625,748.1500244140625,1122100,GOOG,2015-11-25,2344.419921875,43.310001373291016,737.280029296875,2317,11,48
9794,748.4600219726562,753.4099731445312,747.489990234375,750.260009765625,750.260009765625,838500,GOOG,2015-11-27,2353.6201171875,43.54999923706055,738.2999877929688,2319,11,48
9795,748.8099975585938,754.9299926757812,741.27001953125,742.5999755859375,742.5999755859375,2097600,GOOG,2015-11-30,2373.340087890625,43.849998474121094,738.6900024414062,2320,11,49
9796,747.1099853515625,768.9500122070312,746.7000122070312,767.0399780273438,767.0399780273438,2134600,GOOG,2015-12-01,2401.469970703125,44.34000015258789,746.8200073242188,2321,12,49
9797,768.9000244140625,775.9550170898438,758.9600219726562,762.3800048828125,762.3800048828125,2230400,GOOG,2015-12-02,2383.610107421875,44.0,742.0800170898438,2322,12,49
9798,766.010009765625,768.9949951171875,745.6300048828125,752.5399780273438,752.5399780273438,2590600,GOOG,2015-12-03,2355.1201171875,43.540000915527344,732.52001953125,2323,12,49
9799,753.0999755859375,768.489990234375,750.0,766.8099975585938,766.8099975585938,2757300,GOOG,2015-12-04,2398.949951171875,44.36000061035156,750.260009765625,2324,12,49
9800,767.77001953125,768.72998046875,755.0900268554688,763.25,763.25,1812300,GOOG,2015-12-07,2380.510009765625,44.02000045776367,745.989990234375,2325,12,50
9801,757.8900146484375,764.7999877929688,754.2000122070312,762.3699951171875,762.3699951171875,1829500,GOOG,2015-12-08,2379.580078125,44.040000915527344,744.3300170898438,2326,12,50
9802,759.1699829101562,764.22998046875,737.0009765625,751.6099853515625,751.6099853515625,2700000,GOOG,2015-12-09,2343.0,43.310001373291016,733.3499755859375,2327,12,50
9803,752.8499755859375,755.8499755859375,743.8300170898438,749.4600219726562,749.4600219726562,1988400,GOOG,2015-12-10,2352.429931640625,43.5,734.8599853515625,2328,12,50
9804,741.1599731445312,745.7100219726562,736.75,738.8699951171875,738.8699951171875,2224400,GOOG,2015-12-11,2302.669921875,42.59000015258789,719.6599731445312,2329,12,50
9805,741.7899780273438,748.72998046875,724.1699829101562,747.77001953125,747.77001953125,2412500,GOOG,2015-12-14,2297.389892578125,42.45000076293945,724.239990234375,2330,12,51
9806,753.0,758.0800170898438,743.010009765625,743.4000244140625,743.4000244140625,2666200,GOOG,2015-12-15,2327.7900390625,43.040000915527344,727.280029296875,2331,12,51
9807,750.0,760.5900268554688,739.4349975585938,758.0900268554688,758.0900268554688,1993300,GOOG,2015-12-16,2352.25,43.540000915527344,736.8200073242188,2332,12,51
9808,762.4199829101562,762.6799926757812,749.0,749.4299926757812,749.4299926757812,1553400,GOOG,2015-12-17,2312.909912109375,42.81999969482422,724.9600219726562,2333,12,51
9809,746.510009765625,754.1300048828125,738.1500244140625,739.3099975585938,739.3099975585938,3148700,GOOG,2015-12-18,2274.47998046875,42.15999984741211,710.22998046875,2334,12,51
9810,746.1300048828125,750.0,740.0,747.77001953125,747.77001953125,1525700,GOOG,2015-12-21,2305.2900390625,42.56999969482422,717.72998046875,2335,12,52
9811,751.6500244140625,754.8499755859375,745.530029296875,750.0,750.0,1365400,GOOG,2015-12-22,2319.280029296875,42.86999893188477,722.5800170898438,2336,12,52
9812,753.469970703125,754.2100219726562,744.0,750.3099975585938,750.3099975585938,1565900,GOOG,2015-12-23,2336.449951171875,43.08000183105469,728.4400024414062,2337,12,52
9813,749.5499877929688,751.3499755859375,746.6199951171875,748.4000244140625,748.4000244140625,527200,GOOG,2015-12-24,2339.169921875,43.18999862670898,727.489990234375,2338,12,52
9814,752.9199829101562,762.989990234375,749.52001953125,762.510009765625,762.510009765625,1515300,GOOG,2015-12-28,2335.3798828125,43.02999877929688,727.9299926757812,2340,12,53
9815,766.6900024414062,779.97998046875,766.4299926757812,776.5999755859375,776.5999755859375,1765000,GOOG,2015-12-29,2365.64990234375,43.65999984741211,737.6900024414062,2341,12,53
9816,776.5999755859375,777.5999755859375,766.9000244140625,771.0,771.0,1293300,GOOG,2015-12-30,2345.699951171875,43.25,731.9400024414062,2342,12,53
9817,769.5,769.5,758.3400268554688,758.8800048828125,758.8800048828125,1500900,GOOG,2015-12-31,2312.469970703125,42.650001525878906,721.47998046875,2343,12,53
9818,743.0,744.0599975585938,731.2579956054688,741.8400268554688,741.8400268554688,3272800,GOOG,2016-01-04,2277.9599609375,41.88000106811523,710.260009765625,2340,1,1
9819,746.4500122070312,752.0,738.6400146484375,742.5800170898438,742.5800170898438,1950700,GOOG,2016-01-05,2271.02001953125,41.88999938964844,707.25,2341,1,1
9820,730.0,747.1799926757812,728.9199829101562,743.6199951171875,743.6199951171875,1947000,GOOG,2016-01-06,2223.14990234375,40.959999084472656,698.2000122070312,2342,1,1
9821,730.3099975585938,738.5,719.0599975585938,726.3900146484375,726.3900146484375,2963700,GOOG,2016-01-07,2153.6201171875,39.72999954223633,676.27001953125,2343,1,1
9822,731.4500122070312,733.22998046875,713.0,714.469970703125,714.469970703125,2450900,GOOG,2016-01-08,2123.669921875,39.11999893188477,670.8800048828125,2344,1,1
9823,716.6099853515625,718.85498046875,703.5399780273438,716.030029296875,716.030029296875,2090600,GOOG,2016-01-11,2119.080078125,39.06999969482422,675.0900268554688,2345,1,2
9824,721.6799926757812,728.75,717.3170166015625,726.0700073242188,726.0700073242188,2024500,GOOG,2016-01-12,2145.699951171875,39.61999893188477,683.489990234375,2346,1,2
9825,730.8499755859375,734.739990234375,698.6099853515625,700.5599975585938,700.5599975585938,2501700,GOOG,2016-01-13,2078.35009765625,38.31999969482422,664.4199829101562,2347,1,2
9826,705.3800048828125,721.9249877929688,689.0999755859375,714.719970703125,714.719970703125,2225800,GOOG,2016-01-14,2119.10009765625,39.060001373291016,677.8400268554688,2348,1,2
9827,692.2899780273438,706.739990234375,685.3699951171875,694.4500122070312,694.4500122070312,3608100,GOOG,2016-01-15,2039.4100341796875,37.59000015258789,656.489990234375,2349,1,2
9828,703.2999877929688,709.97998046875,693.4099731445312,701.7899780273438,701.7899780273438,2268100,GOOG,2016-01-19,2032.6600341796875,37.52000045776367,656.0499877929688,2351,1,3
9829,688.6099853515625,706.8499755859375,673.260009765625,698.4500122070312,698.4500122070312,3445000,GOOG,2016-01-20,2029.81005859375,37.5,651.8200073242188,2352,1,3
9830,702.1799926757812,719.1900024414062,694.4600219726562,706.5900268554688,706.5900268554688,2412200,GOOG,2016-01-21,2039.0799560546875,37.59000015258789,654.0,2353,1,3
9831,723.5999755859375,728.1300048828125,720.1209716796875,725.25,725.25,2011800,GOOG,2016-01-22,2082.9599609375,38.40999984741211,672.3499755859375,2354,1,3
9832,723.5800170898438,729.6799926757812,710.010009765625,711.6699829101562,711.6699829101562,1711700,GOOG,2016-01-25,2044.6400146484373,37.68999862670898,663.1400146484375,2355,1,4
9833,713.8499755859375,718.280029296875,706.47998046875,713.0399780273438,713.0399780273438,1331700,GOOG,2016-01-26,2073.489990234375,38.22000122070313,669.1300048828125,2356,1,4
9834,713.6699829101562,718.2349853515625,694.3900146484375,699.989990234375,699.989990234375,2194200,GOOG,2016-01-27,2036.81005859375,37.52000045776367,652.6400146484375,2357,1,4
9835,722.219970703125,733.6900024414062,712.3499755859375,730.9600219726562,730.9600219726562,2676400,GOOG,2016-01-28,2053.449951171875,37.849998474121094,662.2999877929688,2358,1,4
9836,731.530029296875,744.989990234375,726.7999877929688,742.9500122070312,742.9500122070312,3474300,GOOG,2016-01-29,2137.580078125,39.33000183105469,686.1599731445312,2359,1,4
9837,750.4600219726562,757.8599853515625,743.27001953125,752.0,752.0,5139200,GOOG,2016-02-01,2145.43994140625,39.54999923706055,687.489990234375,2360,2,5
9838,784.5,789.8699951171875,764.6500244140625,764.6500244140625,764.6500244140625,6348100,GOOG,2016-02-02,2080.489990234375,38.36999893188477,673.5800170898438,2361,2,5
9839,770.219970703125,774.5,720.5,726.9500122070312,726.9500122070312,6171000,GOOG,2016-02-03,2092.02001953125,38.59000015258789,671.0599975585938,2362,2,5
9840,722.8099975585938,727.0,701.8599853515625,708.010009765625,708.010009765625,5168700,GOOG,2016-02-04,2111.43994140625,38.90999984741211,671.8400268554688,2363,2,5
9841,703.8699951171875,703.989990234375,680.1500244140625,683.5700073242188,683.5700073242188,5105700,GOOG,2016-02-05,2037.1700439453125,37.5,649.3400268554688,2364,2,5
9842,667.8499755859375,684.030029296875,663.0599975585938,682.739990234375,682.739990234375,4247400,GOOG,2016-02-08,1979.719970703125,36.5099983215332,638.72998046875,2365,2,6
9843,672.3200073242188,699.9000244140625,668.77001953125,678.1099853515625,678.1099853515625,3608900,GOOG,2016-02-09,1960.22998046875,36.22999954223633,636.1799926757812,2366,2,6
9844,686.8599853515625,701.3099975585938,682.1300048828125,684.1199951171875,684.1199951171875,2638000,GOOG,2016-02-10,1977.0,36.45000076293945,638.4500122070312,2367,2,6
9845,675.0,689.3499755859375,668.8679809570312,683.1099853515625,683.1099853515625,3024000,GOOG,2016-02-11,1970.3199462890625,36.36999893188477,637.1699829101562,2368,2,6
9846,690.260009765625,693.75,678.5999755859375,682.4000244140625,682.4000244140625,2141400,GOOG,2016-02-12,2012.8800048828125,37.150001525878906,645.760009765625,2369,2,6
9847,692.97998046875,698.0,685.0499877929688,691.0,691.0,2520000,GOOG,2016-02-16,2071.0400390625,38.22999954223633,657.97998046875,2371,2,7
9848,698.0900268554688,709.75,691.3800048828125,708.4000244140625,708.4000244140625,2492600,GOOG,2016-02-17,2116.239990234375,39.11000061035156,673.27001953125,2372,2,7
9849,710.0,712.3499755859375,696.030029296875,697.3499755859375,697.3499755859375,1883200,GOOG,2016-02-18,2108.31005859375,38.97999954223633,668.8300170898438,2373,2,7
9850,695.030029296875,703.0809936523438,694.0499877929688,700.9099731445312,700.9099731445312,1589300,GOOG,2016-02-19,2120.2900390625,39.20000076293945,670.3300170898438,2374,2,7
9851,707.4500122070312,713.239990234375,702.510009765625,706.4600219726562,706.4600219726562,1949800,GOOG,2016-02-22,2153.580078125,39.75,679.9500122070312,2375,2,8
9852,701.4500122070312,708.4000244140625,693.5800170898438,695.8499755859375,695.8499755859375,2009300,GOOG,2016-02-23,2110.590087890625,39.06999969482422,667.4299926757812,2376,2,8
9853,688.9199829101562,700.0,680.780029296875,699.5599975585938,699.5599975585938,1963600,GOOG,2016-02-24,2134.93994140625,39.47000122070313,673.3800048828125,2377,2,8
9854,700.010009765625,705.97998046875,690.5850219726562,705.75,705.75,1642200,GOOG,2016-02-25,2157.550048828125,39.83000183105469,682.0999755859375,2378,2,8
9855,708.5800170898438,713.4299926757812,700.8599853515625,705.0700073242188,705.0700073242188,2243500,GOOG,2016-02-26,2165.360107421875,40.02000045776367,680.1699829101562,2379,2,8
9856,700.3200073242188,710.8900146484375,697.6799926757812,697.77001953125,697.77001953125,2481100,GOOG,2016-02-29,2153.02001953125,39.84000015258789,675.6300048828125,2380,2,9
9857,703.6199951171875,718.8099975585938,699.77001953125,718.8099975585938,718.8099975585938,2151400,GOOG,2016-03-01,2220.510009765625,41.040000915527344,696.4299926757812,2381,3,9
9858,719.0,720.0,712.0,718.8499755859375,718.8499755859375,1629000,GOOG,2016-03-02,2227.139892578125,41.150001525878906,697.7000122070312,2382,3,9
9859,718.6799926757812,719.4500122070312,706.02001953125,712.4199829101562,712.4199829101562,1958000,GOOG,2016-03-03,2228.35009765625,41.16999816894531,697.260009765625,2383,3,9
9860,714.989990234375,716.489990234375,706.02001953125,710.8900146484375,710.8900146484375,1972100,GOOG,2016-03-04,2240.800048828125,41.43999862670898,699.6799926757812,2384,3,9
9861,706.9000244140625,708.0910034179688,686.9000244140625,695.1599731445312,695.1599731445312,2985100,GOOG,2016-03-07,2248.199951171875,41.560001373291016,694.5499877929688,2385,3,10
9862,688.5900268554688,703.7899780273438,685.3400268554688,693.969970703125,693.969970703125,2076300,GOOG,2016-03-08,2206.10009765625,40.77000045776367,689.1900024414062,2386,3,10
9863,698.469970703125,705.6799926757812,694.0,705.239990234375,705.239990234375,1421500,GOOG,2016-03-09,2230.27001953125,41.18999862670898,696.27001953125,2387,3,10
9864,708.1199951171875,716.4400024414062,703.3599853515625,712.8200073242188,712.8200073242188,2833500,GOOG,2016-03-10,2231.830078125,41.25,695.4099731445312,2388,3,10
9865,720.0,726.9199829101562,717.125,726.8200073242188,726.8200073242188,1970800,GOOG,2016-03-11,2277.3701171875,42.099998474121094,707.5700073242188,2389,3,10
9866,726.8099975585938,735.5,725.1500244140625,730.489990234375,730.489990234375,1718300,GOOG,2016-03-14,2269.10009765625,41.93000030517578,708.0700073242188,2390,3,11
9867,726.9199829101562,732.2899780273438,724.77001953125,728.3300170898438,728.3300170898438,1721000,GOOG,2016-03-15,2260.580078125,41.79999923706055,711.030029296875,2391,3,11
9868,726.3699951171875,737.469970703125,724.510009765625,736.0900268554688,736.0900268554688,1624400,GOOG,2016-03-16,2284.7900390625,42.20000076293945,718.8699951171875,2392,3,11
9869,736.4500122070312,743.0700073242188,736.0,737.780029296875,737.780029296875,1860800,GOOG,2016-03-17,2297.18994140625,42.47999954223633,722.2000122070312,2393,3,11
9870,741.8599853515625,742.0,731.8300170898438,737.5999755859375,737.5999755859375,2980700,GOOG,2016-03-18,2323.840087890625,42.93000030517578,724.0499877929688,2394,3,11
9871,736.5,742.5,733.5159912109375,742.0900268554688,742.0900268554688,1836500,GOOG,2016-03-21,2330.330078125,43.099998474121094,726.3800048828125,2395,3,12
9872,737.4600219726562,745.0,737.4600219726562,740.75,740.75,1269700,GOOG,2016-03-22,2338.419921875,43.18999862670898,727.1799926757812,2396,3,12
9873,742.3599853515625,745.719970703125,736.1500244140625,738.0599975585938,738.0599975585938,1432100,GOOG,2016-03-23,2302.330078125,42.18000030517578,722.7999877929688,2397,3,12
9874,732.010009765625,737.7470092773438,731.0,735.2999877929688,735.2999877929688,1594900,GOOG,2016-03-24,2297.85009765625,42.09000015258789,723.780029296875,2398,3,12
9875,736.7899780273438,738.989990234375,732.5,733.530029296875,733.530029296875,1301300,GOOG,2016-03-28,2294.60009765625,42.02000045776367,721.72998046875,2400,3,13
9876,734.5900268554688,747.25,728.760009765625,744.77001953125,744.77001953125,1903800,GOOG,2016-03-29,2324.419921875,42.63999938964844,733.1400146484375,2401,3,13
9877,750.0999755859375,757.8800048828125,748.739990234375,750.530029296875,750.530029296875,1782400,GOOG,2016-03-30,2337.860107421875,42.86999893188477,738.260009765625,2402,3,13
9878,749.25,750.8499755859375,740.9400024414062,744.9500122070312,744.9500122070312,1718800,GOOG,2016-03-31,2342.090087890625,42.93000030517578,737.1199951171875,2403,3,13
9879,738.5999755859375,750.3400268554688,737.0,749.9099731445312,749.9099731445312,1576700,GOOG,2016-04-01,2353.0,43.11000061035156,743.4500122070312,2404,4,13
9880,750.0599975585938,752.7999877929688,742.4299926757812,745.2899780273438,745.2899780273438,1134200,GOOG,2016-04-04,2338.449951171875,42.84000015258789,739.6599731445312,2405,4,14
9881,738.0,742.7999877929688,735.3699951171875,737.7999877929688,737.7999877929688,1132300,GOOG,2016-04-05,2310.68994140625,42.36999893188477,731.780029296875,2406,4,14
9882,735.77001953125,746.239990234375,735.5599975585938,745.6900024414062,745.6900024414062,1053700,GOOG,2016-04-06,2339.10009765625,42.90999984741211,739.5,2407,4,14
9883,745.3699951171875,747.0,736.280029296875,740.280029296875,740.280029296875,1453200,GOOG,2016-04-07,2302.89990234375,42.22000122070313,728.9000244140625,2408,4,14
9884,743.969970703125,745.4500122070312,735.5499877929688,739.1500244140625,739.1500244140625,1290800,GOOG,2016-04-08,2308.7900390625,42.33000183105469,729.2000122070312,2409,4,14
9885,743.02001953125,745.0,736.0499877929688,736.0999755859375,736.0999755859375,1220100,GOOG,2016-04-11,2305.320068359375,42.25,727.8200073242188,2410,4,15
9886,738.0,743.8300170898438,731.010009765625,743.0900268554688,743.0900268554688,1353000,GOOG,2016-04-12,2304.56005859375,42.27999877929688,731.9600219726562,2411,4,15
9887,749.1599731445312,754.3800048828125,744.260986328125,751.719970703125,751.719970703125,1707100,GOOG,2016-04-13,2347.679931640625,43.0099983215332,742.010009765625,2412,4,15
9888,754.010009765625,757.3099975585938,752.7050170898438,753.2000122070312,753.2000122070312,1135300,GOOG,2016-04-14,2323.550048828125,42.61000061035156,741.2100219726562,2413,4,15
9889,753.97998046875,761.0,752.6939697265625,759.0,759.0,1809300,GOOG,2016-04-15,2307.070068359375,42.310001373291016,737.780029296875,2414,4,15
9890,760.4600219726562,768.0499877929688,757.2999877929688,766.6099853515625,766.6099853515625,1558800,GOOG,2016-04-18,2319.27001953125,42.4900016784668,740.6699829101562,2415,4,16
9891,769.510009765625,769.9000244140625,749.3300170898438,753.9299926757812,753.9299926757812,2030500,GOOG,2016-04-19,2302.909912109375,42.22000122070313,735.989990234375,2416,4,16
9892,758.0,758.1320190429688,750.010009765625,752.6699829101562,752.6699829101562,1529200,GOOG,2016-04-20,2315.280029296875,42.43999862670898,737.5800170898438,2417,4,16
9893,755.3800048828125,760.4500122070312,749.5499877929688,759.1400146484375,759.1400146484375,3060500,GOOG,2016-04-21,2310.389892578125,42.36000061035156,736.7100219726562,2418,4,16
9894,726.2999877929688,736.1199951171875,713.6099853515625,718.77001953125,718.77001953125,5951900,GOOG,2016-04-22,2294.2900390625,42.02000045776367,722.7000122070312,2419,4,16
9895,716.0999755859375,723.9299926757812,715.5900268554688,723.1500244140625,723.1500244140625,1959200,GOOG,2016-04-25,2293.72998046875,42.0099983215332,721.6799926757812,2420,4,17
9896,725.4199829101562,725.7659912109375,703.0260009765625,708.1400146484375,708.1400146484375,2744600,GOOG,2016-04-26,2313.199951171875,42.38999938964844,718.8499755859375,2421,4,17
9897,707.2899780273438,708.97998046875,692.364990234375,705.8400268554688,705.8400268554688,3098600,GOOG,2016-04-27,2323.139892578125,42.540000915527344,712.7999877929688,2422,4,17
9898,708.260009765625,714.1699829101562,689.5499877929688,691.02001953125,691.02001953125,2867300,GOOG,2016-04-28,2279.429931640625,41.68999862670898,703.0399780273438,2423,4,17
9899,690.7000122070312,697.6199951171875,689.0,693.010009765625,693.010009765625,2487700,GOOG,2016-04-29,2231.1298828125,40.88000106811523,696.8099975585938,2424,4,17
9900,697.6300048828125,700.6400146484375,691.0,698.2100219726562,698.2100219726562,1645300,GOOG,2016-05-02,2235.429931640625,40.959999084472656,701.4000244140625,2425,5,18
9901,696.8699951171875,697.8400268554688,692.0,692.3599853515625,692.3599853515625,1543800,GOOG,2016-05-03,2207.35009765625,40.41999816894531,695.6199951171875,2426,5,18
9902,690.489990234375,699.75,689.010009765625,695.7000122070312,695.7000122070312,1693500,GOOG,2016-05-04,2190.070068359375,40.13000106811523,692.5800170898438,2427,5,18
9903,697.7000122070312,702.3200073242188,695.719970703125,701.4299926757812,701.4299926757812,1683500,GOOG,2016-05-05,2190.780029296875,40.150001525878906,692.6699829101562,2428,5,18
9904,698.3800048828125,711.8599853515625,698.1069946289062,711.1199951171875,711.1199951171875,1829300,GOOG,2016-05-06,2197.830078125,40.31999969482422,697.5499877929688,2429,5,18
9905,712.0,718.7100219726562,710.0,712.9000244140625,712.9000244140625,1510300,GOOG,2016-05-09,2196.93994140625,40.27000045776367,697.6300048828125,2430,5,19
9906,716.75,723.5,715.719970703125,723.1799926757812,723.1799926757812,1569600,GOOG,2016-05-10,2226.8798828125,40.84000015258789,706.8599853515625,2431,5,19
9907,723.4099731445312,724.47998046875,712.7999877929688,715.2899780273438,715.2899780273438,1692100,GOOG,2016-05-11,2210.8701171875,40.560001373291016,702.1099853515625,2432,5,19
9908,717.0599975585938,719.25,709.0,713.3099975585938,713.3099975585938,1360700,GOOG,2016-05-12,2196.2900390625,40.290000915527344,699.25,2433,5,19
9909,711.9299926757812,716.6619873046875,709.260009765625,710.8300170898438,710.8300170898438,1314500,GOOG,2016-05-13,2202.97998046875,40.41999816894531,697.27001953125,2434,5,19
9910,709.1300048828125,718.47998046875,705.6500244140625,716.489990234375,716.489990234375,1317100,GOOG,2016-05-16,2236.9599609375,41.040000915527344,706.969970703125,2435,5,20
9911,715.989990234375,721.52001953125,704.1099853515625,706.22998046875,706.22998046875,2001200,GOOG,2016-05-17,2224.52001953125,40.810001373291016,699.3800048828125,2436,5,20
9912,703.6699829101562,711.5999755859375,700.6300048828125,706.6300048828125,706.6300048828125,1766800,GOOG,2016-05-18,2246.719970703125,41.22000122070313,703.010009765625,2437,5,20
9913,702.3599853515625,706.0,696.7999877929688,700.3200073242188,700.3200073242188,1670200,GOOG,2016-05-19,2236.239990234375,41.04999923706055,698.9199829101562,2438,5,20
9914,701.6199951171875,714.5800170898438,700.52001953125,709.739990234375,709.739990234375,1828400,GOOG,2016-05-20,2282.830078125,41.88999938964844,707.2000122070312,2439,5,20
9915,706.530029296875,711.47802734375,704.1799926757812,704.239990234375,704.239990234375,1330700,GOOG,2016-05-23,2288.610107421875,42.02000045776367,706.469970703125,2440,5,21
9916,706.8599853515625,720.969970703125,706.8599853515625,720.0900268554688,720.0900268554688,1929500,GOOG,2016-05-24,2348.60009765625,43.15999984741211,721.4600219726562,2441,5,21
9917,720.760009765625,727.510009765625,719.7050170898438,725.27001953125,725.27001953125,1629200,GOOG,2016-05-25,2354.590087890625,43.290000915527344,726.77001953125,2442,5,21
9918,722.8699951171875,728.3300170898438,720.280029296875,724.1199951171875,724.1199951171875,1576300,GOOG,2016-05-26,2364.429931640625,43.40999984741211,728.5399780273438,2443,5,21
9919,724.010009765625,733.9359741210938,724.0,732.6599731445312,732.6599731445312,1975000,GOOG,2016-05-27,2382.7099609375,43.77999877929688,732.6500244140625,2444,5,21
9920,731.739990234375,739.72998046875,731.260009765625,735.719970703125,735.719970703125,2129500,GOOG,2016-05-31,2392.010009765625,43.959999084472656,733.5700073242188,2446,5,22
9921,734.530029296875,737.2100219726562,730.6599731445312,734.1500244140625,734.1500244140625,1253600,GOOG,2016-06-01,2393.6298828125,43.97999954223633,731.72998046875,2447,6,22
9922,732.5,733.02001953125,724.1699829101562,730.4000244140625,730.4000244140625,1341800,GOOG,2016-06-02,2397.8798828125,44.0099983215332,730.75,2448,6,22
9923,729.27001953125,729.489990234375,720.5599975585938,722.3400268554688,722.3400268554688,1226300,GOOG,2016-06-03,2384.06005859375,43.77999877929688,727.6599731445312,2449,6,22
9924,724.9099731445312,724.9099731445312,714.6099853515625,716.5499877929688,716.5499877929688,1565300,GOOG,2016-06-06,2383.75,43.84000015258789,729.8900146484375,2450,6,23
9925,719.8400268554688,721.97998046875,716.5499877929688,716.6500244140625,716.6500244140625,1336200,GOOG,2016-06-07,2396.699951171875,44.060001373291016,731.0800170898438,2451,6,23
9926,723.9600219726562,728.5700073242188,720.5800170898438,728.280029296875,728.280029296875,1583700,GOOG,2016-06-08,2398.68994140625,44.04999923706055,733.7000122070312,2452,6,23
9927,722.8699951171875,729.5399780273438,722.3359985351562,728.5800170898438,728.5800170898438,988900,GOOG,2016-06-09,2395.110107421875,44.0099983215332,733.1300048828125,2453,6,23
9928,719.469970703125,725.8900146484375,716.4299926757812,719.4099731445312,719.4099731445312,1216400,GOOG,2016-06-10,2354.25,43.2599983215332,725.3599853515625,2454,6,23
9929,716.510009765625,725.4400024414062,716.510009765625,718.3599853515625,718.3599853515625,1258900,GOOG,2016-06-13,2343.39990234375,43.08000183105469,717.239990234375,2455,6,24
9930,716.47998046875,722.469970703125,713.1199951171875,718.27001953125,718.27001953125,1306100,GOOG,2016-06-14,2347.530029296875,43.150001525878906,718.1699829101562,2456,6,24
9931,719.0,722.97998046875,717.3099975585938,718.9199829101562,718.9199829101562,1214500,GOOG,2016-06-15,2344.5400390625,43.06999969482422,716.2100219726562,2457,6,24
9932,714.9099731445312,716.6500244140625,703.260009765625,710.3599853515625,710.3599853515625,1982500,GOOG,2016-06-16,2351.659912109375,43.209999084472656,717.9500122070312,2458,6,24
9933,708.6500244140625,708.8200073242188,688.4520263671875,691.719970703125,691.719970703125,3402400,GOOG,2016-06-17,2333.72998046875,42.88000106811523,711.219970703125,2459,6,24
9934,698.77001953125,702.47998046875,693.4099731445312,693.7100219726562,693.7100219726562,2082500,GOOG,2016-06-20,2361.169921875,43.400001525878906,715.010009765625,2460,6,25
9935,698.4000244140625,702.77001953125,692.010009765625,695.9400024414062,695.9400024414062,1465600,GOOG,2016-06-21,2376.47998046875,43.68000030517578,719.72998046875,2461,6,25
9936,699.0599975585938,700.8599853515625,693.0819702148438,697.4600219726562,697.4600219726562,1184300,GOOG,2016-06-22,2368.639892578125,43.400001525878906,716.5399780273438,2462,6,25
9937,697.4500122070312,701.9500122070312,687.0,701.8699951171875,701.8699951171875,2171400,GOOG,2016-06-23,2426.050048828125,44.43999862670898,727.2999877929688,2463,6,25
9938,675.1699829101562,689.4000244140625,673.4500122070312,675.219970703125,675.219970703125,4449000,GOOG,2016-06-24,2302.93994140625,42.209999084472656,696.4099731445312,2464,6,25
9939,671.0,672.2999877929688,663.2839965820312,668.260009765625,668.260009765625,2629000,GOOG,2016-06-27,2217.969970703125,40.61999893188477,680.22998046875,2465,6,26
9940,678.969970703125,680.3300170898438,673.0,680.0399780273438,680.0399780273438,2173800,GOOG,2016-06-28,2274.0400390625,41.66999816894531,694.0599975585938,2466,6,26
9941,683.0,687.4290161132812,681.4099731445312,684.1099853515625,684.1099853515625,1932600,GOOG,2016-06-29,2327.820068359375,42.63999938964844,705.5900268554688,2467,6,26
9942,685.469970703125,692.3200073242188,683.6500244140625,692.0999755859375,692.0999755859375,1597700,GOOG,2016-06-30,2367.31005859375,43.33000183105469,713.0399780273438,2468,6,26
9943,692.2000122070312,700.6500244140625,692.1300048828125,699.2100219726562,699.2100219726562,1344700,GOOG,2016-07-01,2350.320068359375,43.060001373291016,713.9600219726562,2469,7,26
9944,696.0599975585938,696.9400024414062,688.8800048828125,694.9500122070312,694.9500122070312,1462600,GOOG,2016-07-05,2317.2099609375,42.45000076293945,708.760009765625,2471,7,27
9945,689.97998046875,701.6799926757812,689.0900268554688,697.77001953125,697.77001953125,1411900,GOOG,2016-07-06,2329.449951171875,42.70000076293945,712.510009765625,2472,7,27
9946,698.0800170898438,698.2000122070312,688.2150268554688,695.3599853515625,695.3599853515625,1304200,GOOG,2016-07-07,2351.780029296875,43.06999969482422,714.27001953125,2473,7,27
9947,699.5,705.7100219726562,696.4349975585938,705.6300048828125,705.6300048828125,1575200,GOOG,2016-07-08,2399.39990234375,43.959999084472656,726.3200073242188,2474,7,27
9948,708.0499877929688,716.510009765625,707.239990234375,715.0900268554688,715.0900268554688,1111800,GOOG,2016-07-11,2420.06005859375,44.33000183105469,730.9400024414062,2475,7,28
9949,719.1199951171875,722.9400024414062,715.9099731445312,720.6400146484375,720.6400146484375,1336900,GOOG,2016-07-12,2461.75,45.099998474121094,737.9500122070312,2476,7,28
9950,723.6199951171875,724.0,716.8499755859375,716.97998046875,716.97998046875,935900,GOOG,2016-07-13,2463.9599609375,45.15999984741211,737.27001953125,2477,7,28
9951,721.5800170898438,722.2100219726562,718.030029296875,720.9500122070312,720.9500122070312,950200,GOOG,2016-07-14,2474.659912109375,45.38999938964844,743.219970703125,2478,7,28
9952,725.72998046875,725.739990234375,719.0549926757812,719.8499755859375,719.8499755859375,1279300,GOOG,2016-07-15,2467.949951171875,45.22999954223633,742.0399780273438,2479,7,28
9953,722.7100219726562,736.1300048828125,721.1900024414062,733.780029296875,733.780029296875,1295500,GOOG,2016-07-18,2490.510009765625,45.63000106811523,747.47998046875,2480,7,29
9954,729.8900146484375,736.989990234375,729.0,736.9600219726562,736.9600219726562,1227500,GOOG,2016-07-19,2480.7900390625,45.459999084472656,746.5999755859375,2481,7,29
9955,737.3300170898438,742.1300048828125,737.0999755859375,741.1900024414062,741.1900024414062,1289700,GOOG,2016-07-20,2512.679931640625,46.06999969482422,756.9400024414062,2482,7,29
9956,740.3599853515625,741.6900024414062,735.8309936523438,738.6300048828125,738.6300048828125,1026300,GOOG,2016-07-21,2496.5,45.7599983215332,753.1199951171875,2483,7,29
9957,741.8599853515625,743.239990234375,736.5599975585938,742.739990234375,742.739990234375,1259800,GOOG,2016-07-22,2511.7099609375,46.02999877929688,757.010009765625,2484,7,29
9958,740.6699829101562,742.6099853515625,737.5,739.77001953125,739.77001953125,1032400,GOOG,2016-07-25,2519.4599609375,46.16999816894531,756.0499877929688,2485,7,30
9959,739.0399780273438,741.6900024414062,734.27001953125,738.4199829101562,738.4199829101562,1186700,GOOG,2016-07-26,2577.530029296875,47.25,759.25,2486,7,30
9960,738.280029296875,744.4600219726562,737.0,741.77001953125,741.77001953125,1512500,GOOG,2016-07-27,2563.9599609375,46.97000122070313,765.0999755859375,2487,7,30
9961,747.0399780273438,748.6500244140625,739.2999877929688,745.9099731445312,745.9099731445312,3530200,GOOG,2016-07-28,2565.56005859375,47.0,767.719970703125,2488,7,30
9962,772.7100219726562,778.5499877929688,766.77001953125,768.7899780273438,768.7899780273438,3841500,GOOG,2016-07-29,2546.0,46.72000122070313,768.739990234375,2489,7,30
9963,761.0900268554688,780.4299926757812,761.0900268554688,772.8800048828125,772.8800048828125,2700500,GOOG,2016-08-01,2549.330078125,46.709999084472656,771.7999877929688,2490,8,31
9964,768.6900024414062,775.8400268554688,767.8499755859375,771.0700073242188,771.0700073242188,1784500,GOOG,2016-08-02,2510.429931640625,46.06000137329102,765.4199829101562,2491,8,31
9965,767.1799926757812,773.2100219726562,766.8200073242188,773.1799926757812,773.1799926757812,1287400,GOOG,2016-08-03,2523.889892578125,46.2599983215332,768.3099975585938,2492,8,31
9966,772.219970703125,774.0700073242188,768.7949829101562,771.6099853515625,771.6099853515625,1140300,GOOG,2016-08-04,2541.60009765625,46.61999893188477,772.1099853515625,2493,8,31
9967,773.780029296875,783.0399780273438,772.3400268554688,782.219970703125,782.219970703125,1801200,GOOG,2016-08-05,2579.489990234375,47.29999923706055,781.239990234375,2494,8,31
9968,782.0,782.6300048828125,778.0910034179688,781.760009765625,781.760009765625,1107900,GOOG,2016-08-08,2576.27001953125,47.22000122070313,781.0900268554688,2495,8,32
9969,781.0999755859375,788.9400024414062,780.5700073242188,784.260009765625,784.260009765625,1318900,GOOG,2016-08-09,2581.969970703125,47.36000061035156,782.5700073242188,2496,8,32
9970,783.75,786.81201171875,782.7780151367188,784.6799926757812,784.6799926757812,786400,GOOG,2016-08-10,2570.47998046875,47.13000106811523,779.9199829101562,2497,8,32
9971,785.0,789.75,782.969970703125,784.8499755859375,784.8499755859375,975100,GOOG,2016-08-11,2589.610107421875,47.52999877929688,782.6300048828125,2498,8,32
9972,781.5,783.39501953125,780.4000244140625,783.219970703125,783.219970703125,740500,GOOG,2016-08-12,2604.8798828125,47.77000045776367,782.0800170898438,2499,8,32
9973,783.75,787.489990234375,780.1099853515625,782.4400024414062,782.4400024414062,938200,GOOG,2016-08-15,2633.110107421875,48.31999969482422,785.8599853515625,2500,8,33
9974,780.2999877929688,780.97998046875,773.4439697265625,777.1400146484375,777.1400146484375,1028000,GOOG,2016-08-16,2622.639892578125,48.1500015258789,781.489990234375,2501,8,33
9975,777.3200073242188,780.8099975585938,773.530029296875,779.9099731445312,779.9099731445312,924200,GOOG,2016-08-17,2617.6201171875,48.06000137329102,781.1900024414062,2502,8,33
9976,780.010009765625,782.8599853515625,777.0,777.5,777.5,719400,GOOG,2016-08-18,2644.0400390625,48.52000045776367,781.7899780273438,2503,8,33
9977,775.0,777.0999755859375,773.1300048828125,775.4199829101562,775.4199829101562,861500,GOOG,2016-08-19,2665.590087890625,48.91999816894531,783.3599853515625,2504,8,33
9978,773.27001953125,774.5399780273438,770.0499877929688,772.1500244140625,772.1500244140625,951400,GOOG,2016-08-22,2660.800048828125,48.849998474121094,782.8900146484375,2505,8,34
9979,775.47998046875,776.4400024414062,771.7849731445312,772.0800170898438,772.0800170898438,928200,GOOG,2016-08-23,2675.949951171875,49.13000106811523,785.760009765625,2506,8,34
9980,770.5800170898438,774.5,767.0700073242188,769.6400146484375,769.6400146484375,1072000,GOOG,2016-08-24,2652.179931640625,48.709999084472656,781.5499877929688,2507,8,34
9981,767.0,771.8900146484375,763.1849975585938,769.4099731445312,769.4099731445312,926900,GOOG,2016-08-25,2662.219970703125,48.86999893188477,782.52001953125,2508,8,34
9982,769.0,776.0800170898438,765.8499755859375,769.5399780273438,769.5399780273438,1166700,GOOG,2016-08-26,2687.360107421875,49.36000061035156,783.6500244140625,2509,8,34
9983,768.739990234375,774.989990234375,766.614990234375,772.1500244140625,772.1500244140625,847600,GOOG,2016-08-29,2694.050048828125,49.47000122070313,785.9199829101562,2510,8,35
9984,769.3300170898438,774.4660034179688,766.8400268554688,769.0900268554688,769.0900268554688,1130000,GOOG,2016-08-30,2686.070068359375,49.31999969482422,784.0599975585938,2511,8,35
9985,767.010009765625,769.0900268554688,765.3800048828125,767.0499877929688,767.0499877929688,1248600,GOOG,2016-08-31,2678.89990234375,49.18999862670898,782.9000244140625,2512,8,35
9986,769.25,771.02001953125,764.2999877929688,768.780029296875,768.780029296875,925100,GOOG,2016-09-01,2696.02001953125,49.52000045776367,785.6400146484375,2513,9,35
9987,773.010009765625,773.9199829101562,768.4099731445312,771.4600219726562,771.4600219726562,1072700,GOOG,2016-09-02,2700.52001953125,49.61000061035156,788.5499877929688,2514,9,35
9988,773.4500122070312,782.0,771.0,780.0800170898438,780.0800170898438,1442800,GOOG,2016-09-06,2716.489990234375,49.88999938964844,792.260009765625,2516,9,36
9989,780.0,782.72998046875,776.2000122070312,780.3499755859375,780.3499755859375,893700,GOOG,2016-09-07,2721.360107421875,49.97999954223633,794.2000122070312,2517,9,36
9990,778.5900268554688,780.3499755859375,773.5800170898438,775.3200073242188,775.3200073242188,1270300,GOOG,2016-09-08,2708.06005859375,49.75,787.1900024414062,2518,9,36
9991,770.0999755859375,773.2449951171875,759.6599731445312,759.6599731445312,759.6599731445312,1885500,GOOG,2016-09-09,2631.35009765625,48.41999816894531,768.760009765625,2519,9,36
9992,755.1300048828125,770.2899780273438,754.0,769.02001953125,769.02001953125,1311000,GOOG,2016-09-12,2678.85009765625,49.209999084472656,781.8099975585938,2520,9,37
9993,764.47998046875,766.219970703125,755.7999877929688,759.6900024414062,759.6900024414062,1395000,GOOG,2016-09-13,2651.3701171875,48.709999084472656,776.8699951171875,2521,9,37
9994,759.6099853515625,767.6799926757812,759.1099853515625,762.489990234375,762.489990234375,1087400,GOOG,2016-09-14,2663.739990234375,48.88000106811523,781.3499755859375,2522,9,37
9995,762.8900146484375,773.7999877929688,759.9600219726562,771.760009765625,771.760009765625,1305100,GOOG,2016-09-15,2710.77001953125,49.81999969482422,794.6599731445312,2523,9,37
9996,769.75,769.75,764.6599731445312,768.8800048828125,768.8800048828125,2049300,GOOG,2016-09-16,2704.10009765625,49.72999954223633,792.0499877929688,2524,9,37
9997,772.4199829101562,774.0,764.4409790039062,765.7000122070312,765.7000122070312,1172800,GOOG,2016-09-19,2704.7900390625,49.65999984741211,790.1500244140625,2525,9,38
9998,769.0,773.3300170898438,768.530029296875,771.4099731445312,771.4099731445312,978600,GOOG,2016-09-20,2697.4599609375,49.599998474121094,790.010009765625,2526,9,38
9999,772.6599731445312,777.1599731445312,768.301025390625,776.219970703125,776.219970703125,1167800,GOOG,2016-09-21,2746.050048828125,50.38999938964844,798.6500244140625,2527,9,38
10000,780.0,789.8499755859375,778.4400024414062,787.2100219726562,787.2100219726562,1486200,GOOG,2016-09-22,2754.389892578125,50.52999877929688,803.0700073242188,2528,9,38
10001,786.5900268554688,788.9299926757812,784.1500244140625,786.9000244140625,786.9000244140625,1411900,GOOG,2016-09-23,2730.3798828125,50.099998474121094,795.3499755859375,2529,9,38
10002,782.739990234375,782.739990234375,773.0700073242188,774.2100219726562,774.2100219726562,1533200,GOOG,2016-09-26,2709.639892578125,49.68999862670898,790.1799926757812,2530,9,39
10003,775.5,785.989990234375,774.3079833984375,783.010009765625,783.010009765625,1153200,GOOG,2016-09-27,2749.860107421875,50.40999984741211,799.260009765625,2531,9,39
10004,777.8499755859375,781.8099975585938,774.969970703125,781.5599975585938,781.5599975585938,1109800,GOOG,2016-09-28,2753.070068359375,50.4900016784668,801.7899780273438,2532,9,39
10005,781.4400024414062,785.7999877929688,774.2319946289062,775.010009765625,775.010009765625,1314700,GOOG,2016-09-29,2754.830078125,50.54999923706055,797.280029296875,2533,9,39
10006,776.3300170898438,780.9400024414062,774.0900268554688,777.2899780273438,777.2899780273438,1585300,GOOG,2016-09-30,2775.070068359375,50.90999984741211,801.719970703125,2534,9,39
10007,774.25,776.0650024414062,769.5,772.5599975585938,772.5599975585938,1278800,GOOG,2016-10-03,2770.52001953125,50.86000061035156,798.6400146484375,2535,10,40
10008,776.030029296875,778.7100219726562,772.8900146484375,776.4299926757812,776.4299926757812,1201400,GOOG,2016-10-04,2769.47998046875,50.81000137329102,797.3400268554688,2536,10,40
10009,779.3099975585938,782.0700073242188,775.6500244140625,776.469970703125,776.469970703125,1461200,GOOG,2016-10-05,2789.110107421875,51.20000076293945,800.8699951171875,2537,10,40
10010,779.0,780.47998046875,775.5399780273438,776.8599853515625,776.8599853515625,1070700,GOOG,2016-10-06,2791.909912109375,51.2400016784668,802.6699829101562,2538,10,40
10011,779.6599731445312,779.6599731445312,770.75,775.0800170898438,775.0800170898438,933200,GOOG,2016-10-07,2784.169921875,51.11999893188477,800.7999877929688,2539,10,40
10012,777.7100219726562,789.3800048828125,775.8699951171875,785.9400024414062,785.9400024414062,1174900,GOOG,2016-10-10,2788.3798828125,51.1500015258789,806.3099975585938,2540,10,41
10013,786.6599731445312,792.280029296875,780.5800170898438,783.0700073242188,783.0700073242188,1372500,GOOG,2016-10-11,2733.550048828125,50.18999862670898,796.8300170898438,2541,10,41
10014,783.760009765625,788.1300048828125,782.0599975585938,786.1400146484375,786.1400146484375,937400,GOOG,2016-10-12,2729.679931640625,50.099998474121094,797.3099975585938,2542,10,41
10015,781.219970703125,781.219970703125,773.0,778.1900024414062,778.1900024414062,1365300,GOOG,2016-10-13,2711.570068359375,49.72000122070313,792.3900146484375,2543,10,41
10016,781.6500244140625,783.9500122070312,776.0,778.530029296875,778.530029296875,852500,GOOG,2016-10-14,2718.550048828125,49.91999816894531,796.0700073242188,2544,10,41
10017,779.7999877929688,785.8499755859375,777.5,779.9600219726562,779.9600219726562,1093000,GOOG,2016-10-17,2708.659912109375,49.66999816894531,793.9000244140625,2545,10,42
10018,787.8499755859375,801.6099853515625,785.5650024414062,795.260009765625,795.260009765625,2056900,GOOG,2016-10-18,2736.219970703125,50.22999954223633,799.0800170898438,2546,10,42
10019,798.239990234375,804.5999755859375,798.030029296875,801.5,801.5,1766800,GOOG,2016-10-19,2734.68994140625,50.18999862670898,799.2100219726562,2547,10,42
10020,803.2999877929688,803.969970703125,796.030029296875,796.969970703125,796.969970703125,1757500,GOOG,2016-10-20,2742.719970703125,50.34000015258789,797.3499755859375,2548,10,42
10021,795.0,799.5,794.0,799.3699951171875,799.3699951171875,1266200,GOOG,2016-10-21,2739.02001953125,50.2599983215332,801.9299926757812,2549,10,42
10022,804.9000244140625,815.1799926757812,804.8200073242188,813.1099853515625,813.1099853515625,1697500,GOOG,2016-10-24,2778.590087890625,51.0,811.6799926757812,2550,10,43
10023,816.6799926757812,816.6799926757812,805.1400146484375,807.6699829101562,807.6699829101562,1576400,GOOG,2016-10-25,2769.110107421875,50.77999877929688,808.8200073242188,2551,10,43
10024,806.3400268554688,806.97998046875,796.3200073242188,799.0700073242188,799.0700073242188,1647700,GOOG,2016-10-26,2774.60009765625,50.90999984741211,804.52001953125,2552,10,43
10025,801.0,803.489990234375,791.5,795.3499755859375,795.3499755859375,2749200,GOOG,2016-10-27,2770.93994140625,50.81999969482422,800.9500122070312,2553,10,43
10026,808.3499755859375,815.489990234375,793.5900268554688,795.3699951171875,795.3699951171875,4269900,GOOG,2016-10-28,2769.8798828125,50.81999969482422,800.6599731445312,2554,10,43
10027,795.469970703125,796.8599853515625,784.0,784.5399780273438,784.5399780273438,2427300,GOOG,2016-10-31,2775.909912109375,50.959999084472656,800.6400146484375,2555,10,44
10028,782.8900146484375,789.489990234375,775.5399780273438,783.6099853515625,783.6099853515625,2406400,GOOG,2016-11-01,2744.510009765625,50.349998474121094,794.0800170898438,2556,11,44
10029,778.2000122070312,781.6500244140625,763.4500122070312,768.7000122070312,768.7000122070312,1872400,GOOG,2016-11-02,2712.550048828125,49.790000915527344,788.7100219726562,2557,11,44
10030,767.25,769.9500122070312,759.030029296875,762.1300048828125,762.1300048828125,1943200,GOOG,2016-11-03,2698.830078125,49.540000915527344,780.8400268554688,2558,11,44
10031,750.6599731445312,770.3599853515625,750.5609741210938,762.02001953125,762.02001953125,2134800,GOOG,2016-11-04,2682.85009765625,49.27999877929688,777.7100219726562,2559,11,44
10032,774.5,785.1900024414062,772.5499877929688,782.52001953125,782.52001953125,1585100,GOOG,2016-11-07,2759.010009765625,50.63999938964844,795.8499755859375,2560,11,45
10033,783.4000244140625,795.6329956054688,780.1900024414062,790.510009765625,790.510009765625,1366900,GOOG,2016-11-08,2767.300048828125,50.79999923706055,799.5900268554688,2561,11,45
10034,779.9400024414062,791.2269897460938,771.6699829101562,785.3099975585938,785.3099975585938,2607100,GOOG,2016-11-09,2760.1201171875,50.65999984741211,797.6699829101562,2562,11,45
10035,791.1699829101562,791.1699829101562,752.1799926757812,762.5599975585938,762.5599975585938,4745200,GOOG,2016-11-10,2719.56005859375,49.91999816894531,784.969970703125,2563,11,45
10036,756.5399780273438,760.780029296875,750.3800048828125,754.02001953125,754.02001953125,2431800,GOOG,2016-11-11,2761.10009765625,50.7599983215332,788.6900024414062,2564,11,45
10037,755.5999755859375,757.8499755859375,727.5399780273438,736.0800170898438,736.0800170898438,3654400,GOOG,2016-11-14,2738.989990234375,50.27999877929688,775.1900024414062,2565,11,46
10038,746.969970703125,764.416015625,746.969970703125,758.489990234375,758.489990234375,2384000,GOOG,2016-11-15,2779.7099609375,51.0099983215332,785.3499755859375,2566,11,46
10039,755.2000122070312,766.3599853515625,750.510009765625,764.47998046875,764.47998046875,1472600,GOOG,2016-11-16,2798.75,51.2599983215332,792.5999755859375,2567,11,46
10040,766.9199829101562,772.7000122070312,764.22998046875,771.22998046875,771.22998046875,1304000,GOOG,2016-11-17,2827.889892578125,51.93000030517578,798.0999755859375,2568,11,46
10041,771.3699951171875,775.0,760.0,760.5399780273438,760.5399780273438,1547100,GOOG,2016-11-18,2825.739990234375,51.88000106811523,796.3200073242188,2569,11,46
10042,762.6099853515625,769.7000122070312,760.5999755859375,769.2000122070312,769.2000122070312,1330600,GOOG,2016-11-21,2849.2900390625,52.31000137329102,804.8099975585938,2570,11,47
10043,772.6300048828125,776.9600219726562,767.0,768.27001953125,768.27001953125,1593100,GOOG,2016-11-22,2856.9599609375,52.47999954223633,805.780029296875,2571,11,47
10044,767.72998046875,768.2830200195312,755.25,760.989990234375,760.989990234375,1478400,GOOG,2016-11-23,2848.090087890625,52.31999969482422,801.5700073242188,2572,11,47
10045,764.260009765625,765.0,760.52001953125,761.6799926757812,761.6799926757812,587400,GOOG,2016-11-25,2858.530029296875,52.45000076293945,804.5800170898438,2574,11,47
10046,760.0,779.530029296875,759.7999877929688,768.239990234375,768.239990234375,2188200,GOOG,2016-11-28,2859.7099609375,52.459999084472656,803.8300170898438,2575,11,48
10047,771.530029296875,778.5,768.239990234375,770.8400268554688,770.8400268554688,1616600,GOOG,2016-11-29,2860.27001953125,52.54999923706055,805.239990234375,2576,11,48
10048,770.0700073242188,772.989990234375,754.8300170898438,758.0399780273438,758.0399780273438,2392900,GOOG,2016-11-30,2839.489990234375,52.22000122070313,795.8900146484375,2577,11,48
10049,757.4400024414062,759.8499755859375,737.0250244140625,747.9199829101562,747.9199829101562,3017900,GOOG,2016-12-01,2735.429931640625,50.290000915527344,777.6900024414062,2578,12,48
10050,744.5900268554688,754.0,743.0999755859375,750.5,750.5,1452500,GOOG,2016-12-02,2762.219970703125,50.72999954223633,781.0700073242188,2579,12,48
10051,757.7100219726562,763.9000244140625,752.9000244140625,762.52001953125,762.52001953125,1394200,GOOG,2016-12-05,2792.409912109375,51.31999969482422,789.1500244140625,2580,12,49
10052,764.72998046875,768.8300170898438,757.3400268554688,759.1099853515625,759.1099853515625,1690700,GOOG,2016-12-06,2808.300048828125,51.58000183105469,790.6599731445312,2581,12,49
10053,761.0,771.3599853515625,755.7999877929688,771.1900024414062,771.1900024414062,1761000,GOOG,2016-12-07,2871.89990234375,52.72999954223633,805.6500244140625,2582,12,49
10054,772.47998046875,778.1799926757812,767.22998046875,776.4199829101562,776.4199829101562,1488100,GOOG,2016-12-08,2879.889892578125,52.93999862670898,808.510009765625,2583,12,49
10055,780.0,789.4299926757812,779.02099609375,789.2899780273438,789.2899780273438,1821900,GOOG,2016-12-09,2876.580078125,52.86999893188477,814.1699829101562,2584,12,49
10056,785.0399780273438,791.25,784.35498046875,789.27001953125,789.27001953125,2104100,GOOG,2016-12-12,2854.10009765625,52.45000076293945,811.0,2585,12,50
10057,793.9000244140625,804.3800048828125,793.3400268554688,796.0999755859375,796.0999755859375,2145200,GOOG,2016-12-13,2889.4599609375,53.08000183105469,820.97998046875,2586,12,50
10058,797.4000244140625,804.0,794.010009765625,797.0700073242188,797.0700073242188,1704200,GOOG,2016-12-14,2881.159912109375,52.93000030517578,818.9299926757812,2587,12,50
10059,797.3400268554688,803.0,792.9199829101562,797.8499755859375,797.8499755859375,1626500,GOOG,2016-12-15,2906.7099609375,53.43000030517578,821.8099975585938,2588,12,50
10060,800.4000244140625,800.8560180664062,790.2899780273438,790.7999877929688,790.7999877929688,2443800,GOOG,2016-12-16,2875.9599609375,52.84000015258789,815.6300048828125,2589,12,50
10061,790.219970703125,797.6599731445312,786.27001953125,794.2000122070312,794.2000122070312,1232100,GOOG,2016-12-19,2895.780029296875,53.2400016784668,820.6400146484375,2590,12,51
10062,796.760009765625,798.6500244140625,793.27001953125,796.4199829101562,796.4199829101562,951000,GOOG,2016-12-20,2909.22998046875,53.45000076293945,823.25,2591,12,51
10063,795.8400268554688,796.676025390625,787.0999755859375,794.5599975585938,794.5599975585938,1211300,GOOG,2016-12-21,2909.330078125,53.38999938964844,821.780029296875,2592,12,51
10064,792.3599853515625,793.3200073242188,788.5800170898438,791.260009765625,791.260009765625,972200,GOOG,2016-12-22,2911.260009765625,53.40999984741211,819.260009765625,2593,12,51
10065,790.9000244140625,792.739990234375,787.280029296875,789.9099731445312,789.9099731445312,623400,GOOG,2016-12-23,2922.050048828125,53.61999893188477,819.8400268554688,2594,12,51
10066,790.6799926757812,797.8599853515625,787.656982421875,791.5499877929688,791.5499877929688,789100,GOOG,2016-12-27,2942.47998046875,53.97999954223633,823.5,2596,12,52
10067,793.7000122070312,794.22998046875,783.2000122070312,785.0499877929688,785.0499877929688,1153800,GOOG,2016-12-28,2906.419921875,53.33000183105469,816.2999877929688,2597,12,52
10068,783.3300170898438,785.9299926757812,778.9199829101562,782.7899780273438,782.7899780273438,744300,GOOG,2016-12-29,2902.06005859375,53.22000122070313,815.969970703125,2598,12,52
10069,782.75,782.780029296875,770.4099731445312,771.8200073242188,771.8200073242188,1770000,GOOG,2016-12-30,2868.699951171875,52.65999984741211,807.9500122070312,2599,12,52
10070,778.8099975585938,789.6300048828125,775.7999877929688,786.1400146484375,786.1400146484375,1657300,GOOG,2017-01-03,2892.389892578125,53.06000137329102,815.1199951171875,2601,1,1
10071,788.3599853515625,791.3400268554688,783.1599731445312,786.9000244140625,786.9000244140625,1073000,GOOG,2017-01-04,2902.199951171875,53.27000045776367,818.010009765625,2602,1,1
10072,786.0800170898438,794.47998046875,785.02001953125,794.02001953125,794.02001953125,1335200,GOOG,2017-01-05,2908.14990234375,53.38000106811523,819.77001953125,2603,1,1
10073,795.260009765625,807.9000244140625,792.2039794921875,806.1500244140625,806.1500244140625,1640200,GOOG,2017-01-06,2930.179931640625,53.7599983215332,827.5999755859375,2604,1,1
10074,806.4000244140625,809.9660034179688,802.8300170898438,806.6500244140625,806.6500244140625,1274600,GOOG,2017-01-09,2948.25,54.09000015258789,829.2100219726562,2605,1,2
10075,807.8599853515625,809.1300048828125,803.510009765625,804.7899780273438,804.7899780273438,1176800,GOOG,2017-01-10,2959.929931640625,54.33000183105469,828.5900268554688,2606,1,2
10076,805.0,808.1500244140625,801.3699951171875,807.9099731445312,807.9099731445312,1065900,GOOG,2017-01-11,2974.52001953125,54.56000137329102,834.030029296875,2607,1,2
10077,807.1400146484375,807.3900146484375,799.1699829101562,806.3599853515625,806.3599853515625,1353100,GOOG,2017-01-12,2961.780029296875,54.36000061035156,831.75,2608,1,2
10078,807.47998046875,811.2239990234375,806.6900024414062,807.8800048828125,807.8800048828125,1099200,GOOG,2017-01-13,2979.18994140625,54.68000030517578,834.02001953125,2609,1,2
10079,807.0800170898438,807.1400146484375,800.3699951171875,804.6099853515625,804.6099853515625,1362100,GOOG,2017-01-17,2958.489990234375,54.29999923706055,831.0399780273438,2611,1,3
10080,805.8099975585938,806.2050170898438,800.989990234375,806.0700073242188,806.0700073242188,1294400,GOOG,2017-01-18,2981.639892578125,54.72000122070313,833.760009765625,2612,1,3
10081,805.1199951171875,809.47998046875,801.7999877929688,802.1749877929688,802.1749877929688,919300,GOOG,2017-01-19,2974.81005859375,54.54999923706055,831.6599731445312,2613,1,3
10082,806.9099731445312,806.9099731445312,801.6900024414062,805.02001953125,805.02001953125,1670000,GOOG,2017-01-20,3002.43994140625,55.06000137329102,835.969970703125,2614,1,3
10083,807.25,820.8699951171875,803.739990234375,819.3099975585938,819.3099975585938,1963600,GOOG,2017-01-23,2997.7900390625,55.02999877929688,836.5,2615,1,4
10084,822.2999877929688,825.9000244140625,817.8209838867188,823.8699951171875,823.8699951171875,1474000,GOOG,2017-01-24,3045.820068359375,55.88999938964844,845.1099853515625,2616,1,4
10085,829.6199951171875,835.77001953125,825.0599975585938,835.6699829101562,835.6699829101562,1494500,GOOG,2017-01-25,3086.889892578125,56.6500015258789,854.1699829101562,2617,1,4
10086,837.8099975585938,838.0,827.010009765625,832.1500244140625,832.1500244140625,2973900,GOOG,2017-01-26,3064.8798828125,56.22999954223633,852.3900146484375,2618,1,4
10087,834.7100219726562,841.9500122070312,820.4400024414062,823.3099975585938,823.3099975585938,2965800,GOOG,2017-01-27,3098.64990234375,56.86999893188477,855.2100219726562,2619,1,4
10088,814.6599731445312,815.8400268554688,799.7999877929688,802.3200073242188,802.3200073242188,3246600,GOOG,2017-01-30,3082.7099609375,56.56999969482422,848.2000122070312,2620,1,5
10089,796.8599853515625,801.25,790.52001953125,796.7899780273438,796.7899780273438,2160600,GOOG,2017-01-31,3069.02001953125,56.29999923706055,843.030029296875,2621,1,5
10090,799.6799926757812,801.1900024414062,791.1900024414062,795.6950073242188,795.6950073242188,2029700,GOOG,2017-02-01,3082.02001953125,56.52999877929688,849.3499755859375,2622,2,5
10091,793.7999877929688,802.7000122070312,792.0,798.530029296875,798.530029296875,1532100,GOOG,2017-02-02,3093.8701171875,56.77999877929688,849.5599975585938,2623,2,5
10092,802.989990234375,806.0,800.3699951171875,801.489990234375,801.489990234375,1463400,GOOG,2017-02-03,3113.669921875,57.11000061035156,855.3499755859375,2624,2,5
10093,799.7000122070312,801.6699829101562,795.25,801.3400268554688,801.3400268554688,1184500,GOOG,2017-02-06,3114.199951171875,57.13000106811523,856.5499877929688,2625,2,6
10094,803.989990234375,810.5,801.780029296875,806.969970703125,806.969970703125,1241200,GOOG,2017-02-07,3131.820068359375,57.47999954223633,860.0800170898438,2626,2,6
10095,807.0,811.8400268554688,803.1900024414062,808.3800048828125,808.3800048828125,1155300,GOOG,2017-02-08,3130.169921875,57.45000076293945,861.510009765625,2627,2,6
10096,809.510009765625,810.6599731445312,804.5399780273438,809.5599975585938,809.5599975585938,989700,GOOG,2017-02-09,3130.389892578125,57.459999084472656,863.969970703125,2628,2,6
10097,811.7000122070312,815.25,809.780029296875,813.6699829101562,813.6699829101562,1135000,GOOG,2017-02-10,3125.239990234375,57.36000061035156,865.8800048828125,2629,2,6
10098,816.0,820.958984375,815.489990234375,819.239990234375,819.239990234375,1213300,GOOG,2017-02-13,3143.22998046875,57.68999862670898,871.5,2630,2,7
10099,819.0,823.0,816.0,820.4500122070312,820.4500122070312,1054700,GOOG,2017-02-14,3134.489990234375,57.52000045776367,873.97998046875,2631,2,7
10100,819.3599853515625,823.0,818.469970703125,818.97998046875,818.97998046875,1313600,GOOG,2017-02-15,3154.889892578125,57.93999862670898,877.4400024414062,2632,2,7
10101,819.9299926757812,824.4000244140625,818.97998046875,824.1599731445312,824.1599731445312,1287600,GOOG,2017-02-16,3175.18994140625,58.31000137329102,879.2899780273438,2633,2,7
10102,823.02001953125,828.0700073242188,821.655029296875,828.0700073242188,828.0700073242188,1611000,GOOG,2017-02-17,3186.280029296875,58.4900016784668,881.47998046875,2634,2,7
10103,828.6599731445312,833.4500122070312,828.3499755859375,831.6599731445312,831.6599731445312,1262300,GOOG,2017-02-21,3206.35009765625,58.9000015258789,886.0900268554688,2636,2,8
10104,828.6599731445312,833.25,828.6400146484375,830.760009765625,830.760009765625,982900,GOOG,2017-02-22,3210.02001953125,58.97000122070313,887.510009765625,2637,2,8
10105,830.1199951171875,832.4600219726562,822.8800048828125,831.3300170898438,831.3300170898438,1472800,GOOG,2017-02-23,3187.909912109375,58.56000137329102,886.52001953125,2638,2,8
10106,827.72998046875,829.0,824.2000122070312,828.6400146484375,828.6400146484375,1392200,GOOG,2017-02-24,3196.7900390625,58.68000030517578,888.27001953125,2639,2,8
10107,824.5499877929688,830.5,824.0,829.280029296875,829.280029296875,1101500,GOOG,2017-02-27,3203.510009765625,58.86000061035156,887.6599731445312,2640,2,9
10108,825.6099853515625,828.5399780273438,820.2000122070312,823.2100219726562,823.2100219726562,2260800,GOOG,2017-02-28,3187.5400390625,58.56000137329102,884.0499877929688,2641,2,9
10109,828.8499755859375,836.2550048828125,827.260009765625,835.239990234375,835.239990234375,1496500,GOOG,2017-03-01,3233.610107421875,59.43999862670898,897.0999755859375,2642,3,9
10110,833.8499755859375,834.510009765625,829.6400146484375,830.6300048828125,830.6300048828125,942500,GOOG,2017-03-02,3207.81005859375,58.959999084472656,891.0599975585938,2643,3,9
10111,830.5599975585938,831.3599853515625,825.7509765625,829.0800170898438,829.0800170898438,896400,GOOG,2017-03-03,3213.8701171875,59.02999877929688,892.739990234375,2644,3,9
10112,826.9500122070312,828.8800048828125,822.4000244140625,827.780029296875,827.780029296875,1109000,GOOG,2017-03-06,3206.719970703125,58.93999862670898,891.280029296875,2645,3,10
10113,827.4000244140625,833.4099731445312,826.52001953125,831.9099731445312,831.9099731445312,1037600,GOOG,2017-03-07,3204.5,58.88999938964844,892.5800170898438,2646,3,10
10114,833.510009765625,838.1500244140625,831.7899780273438,835.3699951171875,835.3699951171875,989800,GOOG,2017-03-08,3210.64990234375,59.02000045776367,893.47998046875,2647,3,10
10115,836.0,842.0,834.2100219726562,838.6799926757812,838.6799926757812,1261500,GOOG,2017-03-09,3206.320068359375,58.9000015258789,892.9600219726562,2648,3,10
10116,843.280029296875,844.9099731445312,839.5,843.25,843.25,1704000,GOOG,2017-03-10,3232.080078125,59.36999893188477,897.5700073242188,2649,3,10
10117,844.0,848.6849975585938,843.25,845.5399780273438,845.5399780273438,1223600,GOOG,2017-03-13,3258.06005859375,59.86999893188477,898.6099853515625,2650,3,11
10118,843.6400146484375,847.239990234375,840.7999877929688,845.6199951171875,845.6199951171875,779900,GOOG,2017-03-14,3242.860107421875,59.58000183105469,896.3200073242188,2651,3,11
10119,847.5900268554688,848.6300048828125,840.77001953125,847.2000122070312,847.2000122070312,1381500,GOOG,2017-03-15,3265.659912109375,59.97999954223633,901.7100219726562,2652,3,11
10120,849.030029296875,850.8499755859375,846.1300048828125,848.780029296875,848.780029296875,977600,GOOG,2017-03-16,3265.530029296875,60.02000045776367,903.7999877929688,2653,3,11
10121,851.6099853515625,853.4000244140625,847.1099853515625,852.1199951171875,852.1199951171875,1712300,GOOG,2017-03-17,3273.0,60.1500015258789,904.3800048828124,2654,3,11
10122,850.010009765625,850.219970703125,845.1500244140625,848.4000244140625,848.4000244140625,1231500,GOOG,2017-03-20,3279.139892578125,60.29999923706055,905.3099975585938,2655,3,12
10123,851.4000244140625,853.5,829.02001953125,830.4600219726562,830.4600219726562,2463500,GOOG,2017-03-21,3213.89990234375,59.099998474121094,891.969970703125,2656,3,12
10124,831.9099731445312,835.5499877929688,827.1799926757812,829.5900268554688,829.5900268554688,1401500,GOOG,2017-03-22,3244.7099609375,59.61999893188477,899.0700073242188,2657,3,12
10125,821.0,822.5700073242188,812.2570190429688,817.5800170898438,817.5800170898438,3487100,GOOG,2017-03-23,3243.300048828125,59.540000915527344,896.1699829101562,2658,3,12
10126,820.0800170898438,821.9299926757812,808.8900146484375,814.4299926757812,814.4299926757812,1981000,GOOG,2017-03-24,3260.2099609375,59.81999969482422,896.6099853515625,2659,3,12
10127,806.9500122070312,821.6300048828125,803.3699951171875,819.510009765625,819.510009765625,1894300,GOOG,2017-03-27,3261.929931640625,59.849998474121094,897.530029296875,2660,3,13
10128,820.4099731445312,825.989990234375,814.0269775390625,820.9199829101562,820.9199829101562,1620500,GOOG,2017-03-28,3274.419921875,60.099998474121094,903.9500122070312,2661,3,13
10129,825.0,832.7650146484375,822.3800048828125,831.4099731445312,831.4099731445312,1786300,GOOG,2017-03-29,3276.93994140625,60.1500015258789,905.8099975585938,2662,3,13
10130,833.5,833.6799926757812,829.0,831.5,831.5,1055300,GOOG,2017-03-30,3283.280029296875,60.290000915527344,907.1199951171876,2663,3,13
10131,828.969970703125,831.6400146484375,827.3900146484375,829.5599975585938,829.5599975585938,1401900,GOOG,2017-03-31,3275.530029296875,60.1500015258789,906.2100219726562,2664,3,13
10132,829.219970703125,840.8499755859375,829.219970703125,838.5499877929688,838.5499877929688,1671500,GOOG,2017-04-03,3262.8701171875,59.9000015258789,904.8900146484376,2665,4,14
10133,831.3599853515625,835.1799926757812,829.0360107421875,834.5700073242188,834.5700073242188,1045400,GOOG,2017-04-04,3259.389892578125,59.84000015258789,904.8200073242188,2666,4,14
10134,835.510009765625,842.4500122070312,830.719970703125,831.4099731445312,831.4099731445312,1555300,GOOG,2017-04-05,3243.77001953125,59.54999923706055,901.9500122070312,2667,4,14
10135,832.4000244140625,836.3900146484375,826.4600219726562,827.8800048828125,827.8800048828125,1254400,GOOG,2017-04-06,3253.56005859375,59.7400016784668,901.5399780273438,2668,4,14
10136,827.9600219726562,828.4849853515625,820.5130004882812,824.6699829101562,824.6699829101562,1057300,GOOG,2017-04-07,3263.159912109375,59.90999984741211,900.9299926757812,2669,4,14
10137,825.3900146484375,829.3499755859375,823.77001953125,824.72998046875,824.72998046875,978900,GOOG,2017-04-10,3256.199951171875,59.7599983215332,899.5700073242188,2670,4,15
10138,824.7100219726562,827.427001953125,817.02001953125,823.3499755859375,823.3499755859375,1079700,GOOG,2017-04-11,3244.27001953125,59.56000137329102,895.6400146484375,2671,4,15
10139,821.9299926757812,826.6599731445312,821.02001953125,824.3200073242188,824.3200073242188,900500,GOOG,2017-04-12,3212.889892578125,58.9900016784668,892.0700073242188,2672,4,15
10140,822.1400146484375,826.3800048828125,821.4400024414062,823.5599975585938,823.5599975585938,1122400,GOOG,2017-04-13,3203.110107421875,58.81000137329102,888.6799926757812,2673,4,15
10141,825.010009765625,837.75,824.469970703125,837.1699829101562,837.1699829101562,895000,GOOG,2017-04-17,3229.679931640625,59.27999877929688,897.3300170898438,2675,4,16
10142,834.219970703125,838.9299926757812,832.7100219726562,836.8200073242188,836.8200073242188,836700,GOOG,2017-04-18,3231.219970703125,59.31999969482422,896.6400146484375,2676,4,16
10143,839.7899780273438,842.219970703125,836.2899780273438,838.2100219726562,838.2100219726562,954200,GOOG,2017-04-19,3251.14990234375,59.68999862670898,895.9400024414062,2677,4,16
10144,841.4400024414062,845.2000122070312,839.3200073242188,841.6500244140625,841.6500244140625,959000,GOOG,2017-04-20,3285.5400390625,60.31000137329102,904.7000122070312,2678,4,16
10145,842.8800048828125,843.8800048828125,840.5999755859375,843.1900024414062,843.1900024414062,1323600,GOOG,2017-04-21,3277.669921875,60.15999984741211,904.6400146484376,2679,4,16
10146,851.2000122070312,863.4500122070312,849.8599853515625,862.760009765625,862.760009765625,1372500,GOOG,2017-04-24,3326.409912109375,61.06000137329102,916.3900146484376,2680,4,17
10147,865.0,875.0,862.8099975585938,872.2999877929688,872.2999877929688,1672000,GOOG,2017-04-25,3355.25,61.599998474121094,922.1099853515624,2681,4,17
10148,874.22998046875,876.0499877929688,867.7479858398438,871.72998046875,871.72998046875,1237200,GOOG,2017-04-26,3317.1298828125,60.88999938964844,919.7100219726562,2682,4,17
10149,873.5999755859375,875.4000244140625,870.3800048828125,874.25,874.25,2026800,GOOG,2017-04-27,3348.860107421875,61.47999954223633,925.25,2683,4,17
10150,910.6599731445312,916.8499755859376,905.77001953125,905.9600219726562,905.9600219726562,3276300,GOOG,2017-04-28,3336.77001953125,61.22000122070313,928.3300170898438,2684,4,17
10151,901.9400024414062,915.6799926757812,901.4500122070312,912.5700073242188,912.5700073242188,2116000,GOOG,2017-05-01,3364.7099609375,61.77999877929688,936.1900024414062,2685,5,18
10152,909.6199951171876,920.77001953125,909.4530029296876,916.4400024414062,916.4400024414062,1587200,GOOG,2017-05-02,3365.93994140625,61.77999877929688,939.0399780273438,2686,5,18
10153,914.8599853515624,928.0999755859376,912.5430297851562,927.0399780273438,927.0399780273438,1499500,GOOG,2017-05-03,3361.760009765625,61.68999862670898,937.7899780273438,2687,5,18
10154,926.0700073242188,935.9299926757812,924.5900268554688,931.6599731445312,931.6599731445312,1422100,GOOG,2017-05-04,3363.0,61.75,938.0499877929688,2688,5,18
10155,933.5399780273438,934.9000244140624,925.2000122070312,927.1300048828124,927.1300048828124,1911300,GOOG,2017-05-05,3379.47998046875,62.06000137329102,940.97998046875,2689,5,18
10156,926.1199951171876,936.9249877929688,925.260009765625,934.2999877929688,934.2999877929688,1329800,GOOG,2017-05-08,3378.159912109375,61.9900016784668,944.9199829101562,2690,5,19
10157,936.9500122070312,937.5,929.530029296875,932.1699829101562,932.1699829101562,1581800,GOOG,2017-05-09,3395.0400390625,62.33000183105469,946.3599853515624,2691,5,19
10158,931.97998046875,932.0,925.1599731445312,928.780029296875,928.780029296875,1173900,GOOG,2017-05-10,3427.31005859375,62.91999816894531,949.97998046875,2692,5,19
10159,925.3200073242188,932.530029296875,923.030029296875,930.5999755859376,930.5999755859376,835000,GOOG,2017-05-11,3422.6298828125,62.84000015258789,948.5599975585938,2693,5,19
10160,931.530029296875,933.4400024414062,927.8499755859376,932.219970703125,932.219970703125,1050600,GOOG,2017-05-12,3423.530029296875,62.86999893188477,951.5700073242188,2694,5,19
10161,932.9500122070312,938.25,929.3400268554688,937.0800170898438,937.0800170898438,1108100,GOOG,2017-05-15,3460.1298828125,63.54999923706055,956.8800048828124,2695,5,20
10162,940.0,943.1099853515624,937.5800170898438,943.0,943.0,969500,GOOG,2017-05-16,3484.469970703125,64.0,961.6199951171876,2696,5,20
10163,935.6699829101562,939.3330078125,918.1400146484376,919.6199951171876,919.6199951171876,2362100,GOOG,2017-05-17,3374.8701171875,61.97999954223633,934.739990234375,2697,5,20
10164,921.0,933.1699829101562,918.75,930.239990234375,930.239990234375,1596900,GOOG,2017-05-18,3400.239990234375,62.459999084472656,940.2000122070312,2698,5,20
10165,931.469970703125,937.7550048828124,931.0,934.010009765625,934.010009765625,1393000,GOOG,2017-05-19,3440.570068359375,63.209999084472656,944.8599853515624,2699,5,20
10166,935.0,941.8829956054688,935.0,941.8599853515624,941.8599853515624,1120400,GOOG,2017-05-22,3481.860107421875,63.97000122070313,953.8499755859376,2700,5,21
10167,947.9199829101562,951.4669799804688,942.5750122070312,948.8200073242188,948.8200073242188,1270800,GOOG,2017-05-23,3475.31005859375,63.849998474121094,954.6099853515624,2701,5,21
10168,952.97998046875,955.0900268554688,949.5,954.9600219726562,954.9600219726562,1024800,GOOG,2017-05-24,3493.580078125,64.22000122070311,959.1599731445312,2702,5,21
10169,957.3300170898438,972.6290283203124,955.469970703125,969.5399780273438,969.5399780273438,1660500,GOOG,2017-05-25,3520.419921875,64.72000122070311,966.6699829101562,2703,5,21
10170,969.7000122070312,974.97998046875,965.030029296875,971.469970703125,971.469970703125,1252000,GOOG,2017-05-26,3521.0400390625,64.72000122070311,966.77001953125,2704,5,21
10171,970.3099975585938,976.2000122070312,969.489990234375,975.8800048828124,975.8800048828124,1466700,GOOG,2017-05-30,3538.64990234375,65.05999755859375,969.77001953125,2706,5,22
10172,975.02001953125,979.27001953125,960.1799926757812,964.8599853515624,964.8599853515624,2448100,GOOG,2017-05-31,3533.320068359375,64.98000335693361,966.8400268554688,2707,5,22
10173,968.9500122070312,971.5,960.010009765625,966.9500122070312,966.9500122070312,1410500,GOOG,2017-06-01,3543.659912109375,65.12000274658203,969.5900268554688,2708,6,22
10174,969.4600219726562,975.8800048828124,966.0,975.5999755859376,975.5999755859376,1751000,GOOG,2017-06-02,3575.1201171875,65.72000122070311,979.6900024414062,2709,6,22
10175,976.5499877929688,986.9099731445312,975.0999755859376,983.6799926757812,983.6799926757812,1252100,GOOG,2017-06-05,3572.8701171875,65.69000244140625,980.4000244140624,2710,6,23
10176,983.1599731445312,988.25,975.1400146484376,976.5700073242188,976.5700073242188,1814600,GOOG,2017-06-06,3578.68994140625,65.80999755859375,978.6199951171876,2711,6,23
10177,980.0,983.97998046875,975.9400024414062,980.9400024414062,980.9400024414062,1453900,GOOG,2017-06-07,3600.18994140625,66.19000244140625,981.239990234375,2712,6,23
10178,982.3499755859376,984.5700073242188,977.2000122070312,983.4099731445312,983.4099731445312,1481900,GOOG,2017-06-08,3634.050048828125,66.80000305175781,984.719970703125,2713,6,23
10179,984.5,984.5,935.6300048828124,949.8300170898438,949.8300170898438,3309400,GOOG,2017-06-09,3504.2099609375,64.40000152587889,957.7899780273438,2714,6,23
10180,939.5599975585938,949.35498046875,915.2329711914062,942.9000244140624,942.9000244140624,3763500,GOOG,2017-06-12,3494.919921875,64.26000213623047,949.989990234375,2715,6,24
10181,951.9099731445312,959.97998046875,944.0900268554688,953.4000244140624,953.4000244140624,2013300,GOOG,2017-06-13,3515.8701171875,64.62000274658203,958.0800170898438,2716,6,24
10182,959.9199829101562,961.1500244140624,942.25,950.760009765625,950.760009765625,1489700,GOOG,2017-06-14,3484.840087890625,64.05000305175781,953.010009765625,2717,6,24
10183,933.969970703125,943.3389892578124,924.4400024414062,942.3099975585938,942.3099975585938,2133100,GOOG,2017-06-15,3462.489990234375,63.6500015258789,948.4299926757812,2718,6,24
10184,940.0,942.0399780273438,931.594970703125,939.780029296875,939.780029296875,3094700,GOOG,2017-06-16,3456.2900390625,63.52000045776367,946.6799926757812,2719,6,24
10185,949.9600219726562,959.989990234375,949.0499877929688,957.3699951171876,957.3699951171876,1533300,GOOG,2017-06-19,3518.110107421875,64.66999816894531,962.3699951171876,2720,6,25
10186,957.52001953125,961.6199951171876,950.010009765625,950.6300048828124,950.6300048828124,1126000,GOOG,2017-06-20,3481.080078125,64.0,954.8699951171876,2721,6,25
10187,953.6400146484376,960.0999755859376,950.760009765625,959.4500122070312,959.4500122070312,1202200,GOOG,2017-06-21,3530.159912109375,64.91999816894531,961.2999877929688,2722,6,25
10188,958.7000122070312,960.719970703125,954.5499877929688,957.0900268554688,957.0900268554688,941400,GOOG,2017-06-22,3524.510009765625,64.69000244140625,961.75,2723,6,25
10189,956.8300170898438,966.0,954.2000122070312,965.5900268554688,965.5900268554688,1527900,GOOG,2017-06-23,3551.02001953125,65.19000244140625,968.1799926757812,2724,6,25
10190,969.9000244140624,973.3099975585938,950.7899780273438,952.27001953125,952.27001953125,1598400,GOOG,2017-06-26,3520.06005859375,64.59999847412111,962.4500122070312,2725,6,26
10191,942.4600219726562,948.2899780273438,926.8499755859376,927.3300170898438,927.3300170898438,2579900,GOOG,2017-06-27,3440.39990234375,63.1500015258789,946.3900146484376,2726,6,26
10192,929.0,942.75,916.0,940.489990234375,940.489990234375,2721400,GOOG,2017-06-28,3490.659912109375,64.02999877929689,958.9000244140624,2727,6,26
10193,929.9199829101562,931.260009765625,910.6199951171876,917.7899780273438,917.7899780273438,3299200,GOOG,2017-06-29,3413.469970703125,62.65999984741211,941.3300170898438,2728,6,26
10194,926.0499877929688,926.0499877929688,908.3099975585938,908.72998046875,908.72998046875,2090200,GOOG,2017-06-30,3400.550048828125,62.38999938964844,940.280029296875,2729,6,26
10195,912.1799926757812,913.9400024414062,894.7899780273438,898.7000122070312,898.7000122070312,1709800,GOOG,2017-07-03,3360.489990234375,61.6500015258789,932.2899780273438,2730,7,27
10196,901.760009765625,914.510009765625,898.5,911.7100219726562,911.7100219726562,1813900,GOOG,2017-07-05,3412.1298828125,62.61999893188477,941.969970703125,2732,7,27
10197,904.1199951171876,914.9439697265624,899.7000122070312,906.6900024414062,906.6900024414062,1424500,GOOG,2017-07-06,3386.889892578125,62.15999984741211,933.8699951171876,2733,7,27
10198,908.8499755859376,921.5399780273438,908.8499755859376,918.5900268554688,918.5900268554688,1637800,GOOG,2017-07-07,3432.570068359375,63.0099983215332,945.5700073242188,2734,7,27
10199,921.77001953125,930.3800048828124,919.5900268554688,928.7999877929688,928.7999877929688,1192800,GOOG,2017-07-10,3464.679931640625,63.61000061035156,953.280029296875,2735,7,28
10200,929.5399780273438,931.4299926757812,922.0,930.0900268554688,930.0900268554688,1113200,GOOG,2017-07-11,3489.669921875,64.05999755859375,956.6699829101562,2736,7,28
10201,938.6799926757812,946.2999877929688,934.469970703125,943.8300170898438,943.8300170898438,1532100,GOOG,2017-07-12,3538.760009765625,64.98000335693361,969.1900024414062,2737,7,28
10202,946.2899780273438,954.4500122070312,943.010009765625,947.1599731445312,947.1599731445312,1294700,GOOG,2017-07-13,3530.3798828125,64.83000183105469,972.3900146484376,2738,7,28
10203,952.0,956.9099731445312,948.0050048828124,955.989990234375,955.989990234375,1053800,GOOG,2017-07-14,3567.969970703125,65.52999877929689,981.0800170898438,2739,7,28
10204,957.0,960.739990234375,949.2410278320312,953.4199829101562,953.4199829101562,1165500,GOOG,2017-07-17,3563.4599609375,65.41999816894531,981.52001953125,2740,7,29
10205,953.0,968.0399780273438,950.5999755859376,965.4000244140624,965.4000244140624,1154000,GOOG,2017-07-18,3577.570068359375,65.65000152587889,986.7899780273438,2741,7,29
10206,967.8400268554688,973.0399780273438,964.030029296875,970.8900146484376,970.8900146484376,1224500,GOOG,2017-07-19,3605.639892578125,66.16000366210939,992.2899780273438,2742,7,29
10207,975.0,975.9000244140624,961.510009765625,968.1500244140624,968.1500244140624,1624500,GOOG,2017-07-20,3606.47998046875,66.20999908447266,992.7100219726562,2743,7,29
10208,962.25,973.22998046875,960.1500244140624,972.9199829101562,972.9199829101562,1711000,GOOG,2017-07-21,3584.389892578125,65.77999877929689,991.969970703125,2744,7,29
10209,972.219970703125,986.2000122070312,970.77001953125,980.3400268554688,980.3400268554688,3248300,GOOG,2017-07-24,3586.659912109375,65.87000274658203,994.47998046875,2745,7,30
10210,953.8099975585938,959.7000122070312,945.4000244140624,950.7000122070312,950.7000122070312,4661000,GOOG,2017-07-25,3566.659912109375,65.47000122070311,992.739990234375,2746,7,30
10211,954.6799926757812,955.0,942.2789916992188,947.7999877929688,947.7999877929688,2088300,GOOG,2017-07-26,3568.239990234375,65.47000122070311,994.719970703125,2747,7,30
10212,951.780029296875,951.780029296875,920.0,934.0900268554688,934.0900268554688,3213000,GOOG,2017-07-27,3521.6201171875,64.65000152587889,986.5499877929688,2748,7,30
10213,929.4000244140624,943.8300170898438,927.5,941.530029296875,941.530029296875,1846400,GOOG,2017-07-28,3516.47998046875,64.55999755859375,985.6699829101562,2749,7,30
10214,941.8900146484376,943.5900268554688,926.0399780273438,930.5,930.5,1970100,GOOG,2017-07-31,3500.969970703125,64.23000335693361,980.4000244140624,2750,7,31
10215,932.3800048828124,937.447021484375,929.260009765625,930.8300170898438,930.8300170898438,1277700,GOOG,2017-08-01,3514.820068359375,64.48999786376953,985.5599975585938,2751,8,31
10216,928.6099853515624,932.5999755859376,916.6799926757812,930.3900146484376,930.3900146484376,1824400,GOOG,2017-08-02,3491.280029296875,64.06999969482422,990.3499755859376,2752,8,31
10217,930.3400268554688,932.239990234375,922.239990234375,923.6500244140624,923.6500244140624,1202500,GOOG,2017-08-03,3485.89990234375,63.959999084472656,986.9099731445312,2753,8,31
10218,926.75,930.3070068359376,923.030029296875,927.9600219726562,927.9600219726562,1082300,GOOG,2017-08-04,3487.77001953125,64.01000213623047,989.5700073242188,2754,8,31
10219,929.0599975585938,931.7000122070312,926.5,929.3599853515624,929.3599853515624,1032200,GOOG,2017-08-07,3520.10009765625,64.61000061035156,995.3599853515624,2755,8,32
10220,927.0900268554688,935.8140258789062,925.6099853515624,926.7899780273438,926.7899780273438,1061600,GOOG,2017-08-08,3510.050048828125,64.43000030517578,994.0399780273438,2756,8,32
10221,920.6099853515624,925.97998046875,917.25,922.9000244140624,922.9000244140624,1192100,GOOG,2017-08-09,3508.93994140625,64.41000366210939,994.3699951171876,2757,8,32
10222,917.5499877929688,919.260009765625,906.1300048828124,907.239990234375,907.239990234375,1824000,GOOG,2017-08-10,3415.699951171875,62.72999954223633,972.6599731445312,2758,8,32
10223,907.969970703125,917.780029296875,905.5800170898438,914.3900146484376,914.3900146484376,1206800,GOOG,2017-08-11,3446.06005859375,63.27000045776367,979.9299926757812,2759,8,32
10224,922.530029296875,924.6680297851562,918.1900024414062,922.6699829101562,922.6699829101562,1064500,GOOG,2017-08-14,3509.860107421875,64.44000244140625,995.6300048828124,2760,8,33
10225,924.22998046875,926.5499877929688,919.8200073242188,922.219970703125,922.219970703125,883400,GOOG,2017-08-15,3511.449951171875,64.51000213623047,997.9199829101562,2761,8,33
10226,925.2899780273438,932.7000122070312,923.4450073242188,926.9600219726562,926.9600219726562,1006700,GOOG,2017-08-16,3529.800048828125,64.84999847412111,1000.5399780273438,2762,8,33
10227,925.780029296875,926.8599853515624,910.97998046875,910.97998046875,910.97998046875,1277200,GOOG,2017-08-17,3445.22998046875,63.33000183105469,980.719970703125,2763,8,33
10228,910.3099975585938,915.2750244140624,907.1539916992188,910.6699829101562,910.6699829101562,1342700,GOOG,2017-08-18,3452.10009765625,63.38999938964844,980.239990234375,2764,8,33
10229,910.0,913.0,903.4000244140624,906.6599731445312,906.6599731445312,943400,GOOG,2017-08-21,3447.300048828125,63.29999923706055,979.6599731445312,2765,8,34
10230,912.719970703125,925.8599853515624,911.4749755859376,924.6900024414062,924.6900024414062,1166700,GOOG,2017-08-22,3503.760009765625,64.37999725341797,993.9000244140624,2766,8,34
10231,921.9299926757812,929.9299926757812,919.3599853515624,927.0,927.0,1090200,GOOG,2017-08-23,3499.1298828125,64.30999755859375,992.0700073242188,2767,8,34
10232,928.6599731445312,930.8400268554688,915.5,921.280029296875,921.280029296875,1270300,GOOG,2017-08-24,3495.969970703125,64.26000213623047,990.8499755859376,2768,8,34
10233,923.489990234375,925.5549926757812,915.5,915.8900146484376,915.8900146484376,1053400,GOOG,2017-08-25,3493.409912109375,64.19999694824219,989.7899780273438,2769,8,34
10234,916.0,919.2449951171876,911.8699951171876,913.8099975585938,913.8099975585938,1086500,GOOG,2017-08-28,3499.580078125,64.33999633789061,992.489990234375,2770,8,35
10235,905.0999755859376,923.3300170898438,905.0,921.2899780273438,921.2899780273438,1185600,GOOG,2017-08-29,3508.919921875,64.51999664306639,996.5999755859376,2771,8,35
10236,920.0499877929688,930.8189697265624,919.6500244140624,929.5700073242188,929.5700073242188,1301200,GOOG,2017-08-30,3556.7099609375,65.38999938964844,1004.9299926757812,2772,8,35
10237,931.760009765625,941.97998046875,931.760009765625,939.3300170898438,939.3300170898438,1582600,GOOG,2017-08-31,3588.800048828125,65.97000122070311,1012.1400146484376,2773,8,35
10238,941.1300048828124,942.47998046875,935.1500244140624,937.3400268554688,937.3400268554688,947400,GOOG,2017-09-01,3597.719970703125,66.12999725341797,1011.6799926757812,2774,9,35
10239,933.0800170898438,937.0,921.9600219726562,928.4500122070312,928.4500122070312,1326400,GOOG,2017-09-05,3558.780029296875,65.41999816894531,1002.6799926757812,2776,9,36
10240,930.1500244140624,930.9149780273438,919.27001953125,927.8099975585938,927.8099975585938,1527700,GOOG,2017-09-06,3566.93994140625,65.55999755859375,1004.510009765625,2777,9,36
10241,931.72998046875,936.4099731445312,923.6199951171876,935.9500122070312,935.9500122070312,1212700,GOOG,2017-09-07,3584.239990234375,65.91000366210939,1009.6099853515624,2778,9,36
10242,936.489990234375,936.989990234375,924.8800048828124,926.5,926.5,1011500,GOOG,2017-09-08,3557.449951171875,65.41000366210939,1000.9099731445312,2779,9,36
10243,934.25,938.3800048828124,926.9199829101562,929.0800170898438,929.0800170898438,1267000,GOOG,2017-09-11,3612.8701171875,66.40000152587889,1015.9400024414062,2780,9,37
10244,932.5900268554688,933.47998046875,923.8610229492188,932.0700073242188,932.0700073242188,1134400,GOOG,2017-09-12,3633.090087890625,66.80000305175781,1017.2899780273438,2781,9,37
10245,930.6599731445312,937.25,929.8599853515624,935.0900268554688,935.0900268554688,1102600,GOOG,2017-09-13,3631.97998046875,66.77999877929689,1015.6799926757812,2782,9,37
10246,931.25,932.77001953125,924.0,925.1099853515624,925.1099853515624,1397600,GOOG,2017-09-14,3632.949951171875,66.80000305175781,1011.9000244140624,2783,9,37
10247,924.6599731445312,926.489990234375,916.3599853515624,920.2899780273438,920.2899780273438,2505400,GOOG,2017-09-15,3662.840087890625,67.36000061035156,1014.9199829101562,2784,9,37
10248,920.010009765625,922.0800170898438,910.5999755859376,915.0,915.0,1306900,GOOG,2017-09-18,3693.5,67.91999816894531,1014.5999755859376,2785,9,38
10249,917.4199829101562,922.4199829101562,912.5499877929688,921.8099975585938,921.8099975585938,936700,GOOG,2017-09-19,3698.6298828125,68.04000091552734,1018.4000244140624,2786,9,38
10250,922.97998046875,933.8800048828124,922.0,931.5800170898438,931.5800170898438,1669800,GOOG,2017-09-20,3656.580078125,67.23999786376953,1013.530029296875,2787,9,38
10251,933.0,936.530029296875,923.8300170898438,932.4500122070312,932.4500122070312,1290600,GOOG,2017-09-21,3638.510009765625,66.77999877929689,1007.52001953125,2788,9,38
10252,927.75,934.72998046875,926.47998046875,928.530029296875,928.530029296875,1052700,GOOG,2017-09-22,3659.219970703125,67.12000274658203,1008.1599731445312,2789,9,38
10253,925.4500122070312,926.4000244140624,909.7000122070312,920.969970703125,920.969970703125,1856800,GOOG,2017-09-25,3605.669921875,66.18000030517578,993.7999877929688,2790,9,39
10254,923.719970703125,930.8200073242188,921.1400146484376,924.8599853515624,924.8599853515624,1666900,GOOG,2017-09-26,3606.89990234375,66.19999694824219,997.739990234375,2791,9,39
10255,927.739990234375,949.9000244140624,927.739990234375,944.489990234375,944.489990234375,2239400,GOOG,2017-09-27,3667.97998046875,67.30999755859375,1009.1300048828124,2792,9,39
10256,941.3599853515624,950.6900024414062,940.5499877929688,949.5,949.5,1020300,GOOG,2017-09-28,3676.639892578125,67.48000335693361,1010.5700073242188,2793,9,39
10257,952.0,959.7860107421876,951.510009765625,959.1099853515624,959.1099853515624,1581000,GOOG,2017-09-29,3713.010009765625,68.15000152587889,1018.1500244140624,2794,9,39
10258,959.97998046875,962.5399780273438,947.8400268554688,953.27001953125,953.27001953125,1283400,GOOG,2017-10-02,3726.909912109375,68.38999938964844,1018.9400024414062,2795,10,40
10259,954.0,958.0,949.1400146484376,957.7899780273438,957.7899780273438,888300,GOOG,2017-10-03,3732.0,68.48999786376953,1021.2000122070312,2796,10,40
10260,957.0,960.3900146484376,950.6900024414062,951.6799926757812,951.6799926757812,952400,GOOG,2017-10-04,3733.010009765625,68.52999877929689,1019.6900024414062,2797,10,40
10261,955.489990234375,970.9099731445312,955.1799926757812,969.9600219726562,969.9600219726562,1213800,GOOG,2017-10-05,3752.860107421875,68.88999938964844,1030.4599609375,2798,10,40
10262,966.7000122070312,979.4600219726562,963.3599853515624,978.8900146484376,978.8900146484376,1173900,GOOG,2017-10-06,3770.449951171875,69.19000244140625,1033.4599609375,2799,10,40
10263,980.0,985.4249877929688,976.1099853515624,977.0,977.0,891400,GOOG,2017-10-09,3780.6201171875,69.41000366210939,1035.9300537109377,2800,10,41
10264,980.0,981.5700073242188,966.0800170898438,972.5999755859376,972.5999755859376,968400,GOOG,2017-10-10,3793.409912109375,69.63999938964844,1036.3399658203123,2801,10,41
10265,973.719970703125,990.7100219726562,972.25,989.25,989.25,1693300,GOOG,2017-10-11,3801.929931640625,69.79000091552734,1041.2099609375,2802,10,41
10266,987.4500122070312,994.1199951171876,985.0,987.8300170898438,987.8300170898438,1262400,GOOG,2017-10-12,3801.97998046875,69.79000091552734,1041.6400146484377,2803,10,41
10267,992.0,997.2100219726562,989.0,989.6799926757812,989.6799926757812,1169800,GOOG,2017-10-13,3832.8798828125,70.37000274658203,1047.0799560546877,2804,10,41
10268,992.0999755859376,993.906982421875,984.0,992.0,992.0,910500,GOOG,2017-10-16,3844.31005859375,70.55999755859375,1050.949951171875,2805,10,42
10269,990.2899780273438,996.4400024414062,988.5900268554688,992.1799926757812,992.1799926757812,1290200,GOOG,2017-10-17,3837.389892578125,70.43000030517578,1050.6800537109377,2806,10,42
10270,991.77001953125,996.719970703125,986.9749755859376,992.8099975585938,992.8099975585938,1057600,GOOG,2017-10-18,3850.3701171875,70.68000030517578,1053.8299560546877,2807,10,42
10271,986.0,988.8800048828124,978.3900146484376,984.4500122070312,984.4500122070312,1313600,GOOG,2017-10-19,3860.489990234375,70.83000183105469,1050.1800537109377,2808,10,42
10272,989.4400024414062,991.0,984.5800170898438,988.2000122070312,988.2000122070312,1183200,GOOG,2017-10-20,3891.659912109375,71.4000015258789,1057.2900390625,2809,10,42
10273,989.52001953125,989.52001953125,966.1199951171876,968.4500122070312,968.4500122070312,1478400,GOOG,2017-10-23,3898.3701171875,71.54000091552734,1053.02001953125,2810,10,43
10274,970.0,972.22998046875,961.0,970.5399780273438,970.5399780273438,1212200,GOOG,2017-10-24,3911.75,71.80000305175781,1056.780029296875,2811,10,43
10275,968.3699951171876,976.0900268554688,960.52001953125,973.3300170898438,973.3300170898438,1211300,GOOG,2017-10-25,3885.47998046875,71.29000091552734,1053.2099609375,2812,10,43
10276,980.0,987.5999755859376,972.2000122070312,972.5599975585938,972.5599975585938,2042100,GOOG,2017-10-26,3894.260009765625,71.48999786376953,1056.8399658203123,2813,10,43
10277,1009.1900024414062,1048.3900146484377,1008.2000122070312,1019.27001953125,1019.27001953125,5167700,GOOG,2017-10-27,3936.77001953125,72.20999908447266,1087.5999755859377,2814,10,43
10278,1014.0,1024.969970703125,1007.5,1017.1099853515624,1017.1099853515624,2085100,GOOG,2017-10-30,3936.800048828125,72.2699966430664,1092.0,2815,10,44
10279,1015.219970703125,1024.0,1010.4199829101562,1016.6400146484376,1016.6400146484376,1330700,GOOG,2017-10-31,3967.679931640625,72.8499984741211,1096.280029296875,2816,10,44
10280,1017.2100219726562,1029.6700439453123,1016.9500122070312,1025.5,1025.5,1373400,GOOG,2017-11-01,3940.47998046875,72.3499984741211,1097.0799560546877,2817,11,44
10281,1021.760009765625,1028.0899658203123,1013.010009765625,1025.5799560546877,1025.5799560546877,1049000,GOOG,2017-11-02,3941.72998046875,72.33999633789062,1098.2900390625,2818,11,44
10282,1022.1099853515624,1032.6500244140623,1020.3099975585938,1032.47998046875,1032.47998046875,1076400,GOOG,2017-11-03,3980.669921875,73.05000305175781,1107.6500244140623,2819,11,44
10283,1028.989990234375,1034.8699951171877,1025.0,1025.9000244140623,1025.9000244140623,1125200,GOOG,2017-11-06,4009.5400390625,73.61000061035156,1111.489990234375,2820,11,45
10284,1027.27001953125,1033.969970703125,1025.1300048828123,1033.3299560546877,1033.3299560546877,1112300,GOOG,2017-11-07,4000.8798828125,73.43000030517578,1112.739990234375,2821,11,45
10285,1030.52001953125,1043.52197265625,1028.449951171875,1039.8499755859377,1039.8499755859377,1088700,GOOG,2017-11-08,4024.739990234375,73.87000274658203,1118.199951171875,2822,11,45
10286,1033.989990234375,1033.989990234375,1019.666015625,1031.260009765625,1031.260009765625,1245200,GOOG,2017-11-09,3967.52001953125,72.80999755859375,1108.68994140625,2823,11,45
10287,1026.4599609375,1030.760009765625,1025.280029296875,1028.0699462890623,1028.0699462890623,720000,GOOG,2017-11-10,3977.030029296875,72.97000122070312,1107.6700439453123,2824,11,45
10288,1023.4199829101562,1031.5799560546877,1022.5700073242188,1025.75,1025.75,885800,GOOG,2017-11-13,3982.52001953125,73.08999633789062,1107.52001953125,2825,11,46
10289,1022.5900268554688,1026.81005859375,1014.1500244140624,1026.0,1026.0,959200,GOOG,2017-11-14,3982.510009765625,73.11000061035156,1105.699951171875,2826,11,46
10290,1019.2100219726562,1024.0899658203123,1015.4199829101562,1020.9099731445312,1020.9099731445312,854000,GOOG,2017-11-15,3958.7900390625,72.69000244140625,1096.3299560546877,2827,11,46
10291,1022.52001953125,1035.9200439453123,1022.52001953125,1032.5,1032.5,1129700,GOOG,2017-11-16,4032.719970703125,74.06999969482422,1110.8900146484377,2828,11,46
10292,1034.010009765625,1034.4200439453123,1017.75,1019.0900268554688,1019.0900268554688,1397100,GOOG,2017-11-17,4031.6298828125,74.05000305175781,1103.469970703125,2829,11,46
10293,1020.260009765625,1022.6099853515624,1017.5,1018.3800048828124,1018.3800048828124,953500,GOOG,2017-11-20,4044.050048828125,74.29000091552734,1106.5400390625,2830,11,47
10294,1023.3099975585938,1035.1099853515623,1022.655029296875,1034.489990234375,1034.489990234375,1097000,GOOG,2017-11-21,4076.659912109375,74.9000015258789,1119.760009765625,2831,11,47
10295,1035.0,1039.7060546875,1031.4300537109377,1035.9599609375,1035.9599609375,746300,GOOG,2017-11-22,4070.090087890625,74.77999877929688,1116.8800048828123,2832,11,47
10296,1035.8699951171877,1043.177978515625,1035.0,1040.6099853515623,1040.6099853515623,537000,GOOG,2017-11-24,4094.0400390625,75.19999694824219,1122.9300537109377,2834,11,47
10297,1040.0,1055.4599609375,1038.43994140625,1054.2099609375,1054.2099609375,1307900,GOOG,2017-11-27,4055.64990234375,74.51000213623047,1122.81005859375,2835,11,48
10298,1055.0899658203123,1062.375,1040.0,1047.4100341796877,1047.4100341796877,1424400,GOOG,2017-11-28,4068.5,74.75,1124.8499755859377,2836,11,48
10299,1042.6800537109377,1044.0799560546877,1015.6500244140624,1021.6599731445312,1021.6599731445312,2459400,GOOG,2017-11-29,3920.85009765625,72.05999755859375,1096.050048828125,2837,11,48
10300,1022.3699951171876,1028.489990234375,1015.0,1021.4099731445312,1021.4099731445312,1724000,GOOG,2017-11-30,3944.610107421875,72.48999786376953,1106.52001953125,2838,11,48
10301,1015.7999877929688,1022.489990234375,1002.02001953125,1010.1699829101562,1010.1699829101562,1909600,GOOG,2017-12-01,3918.47998046875,72.0199966430664,1100.22998046875,2839,12,48
10302,1012.6599731445312,1016.0999755859376,995.5700073242188,998.6799926757812,998.6799926757812,1906400,GOOG,2017-12-04,3847.989990234375,70.75,1078.969970703125,2840,12,49
10303,995.9400024414062,1020.6099853515624,988.280029296875,1005.1500244140624,1005.1500244140624,2067300,GOOG,2017-12-05,3851.1298828125,70.81999969482422,1081.199951171875,2841,12,49
10304,1001.5,1024.969970703125,1001.1400146484376,1018.3800048828124,1018.3800048828124,1272000,GOOG,2017-12-06,3869.02001953125,71.13999938964844,1089.3399658203123,2842,12,49
10305,1020.4299926757812,1034.239990234375,1018.0709838867188,1030.9300537109377,1030.9300537109377,1458200,GOOG,2017-12-07,3902.22998046875,71.75,1096.4100341796877,2843,12,49
10306,1037.489990234375,1042.050048828125,1032.52197265625,1037.050048828125,1037.050048828125,1290800,GOOG,2017-12-08,3905.580078125,71.79000091552734,1101.0699462890623,2844,12,49
10307,1035.5,1043.800048828125,1032.050048828125,1041.0999755859377,1041.0999755859377,1192800,GOOG,2017-12-11,3929.929931640625,72.25,1110.030029296875,2845,12,50
10308,1039.6300048828123,1050.31005859375,1033.68994140625,1040.47998046875,1040.47998046875,1279500,GOOG,2017-12-12,3912.110107421875,71.95999908447266,1107.1099853515623,2846,12,50
10309,1046.1199951171877,1046.6650390625,1038.3800048828123,1040.6099853515623,1040.6099853515623,1282700,GOOG,2017-12-13,3923.260009765625,72.16999816894531,1107.5899658203123,2847,12,50
10310,1045.0,1058.5,1043.1099853515623,1049.1500244140623,1049.1500244140623,1558700,GOOG,2017-12-14,3917.97998046875,72.05000305175781,1106.739990234375,2848,12,50
10311,1054.6099853515623,1067.6199951171877,1049.5,1064.18994140625,1064.18994140625,3275900,GOOG,2017-12-15,3965.77001953125,72.88999938964844,1120.4300537109377,2849,12,50
10312,1066.0799560546877,1078.489990234375,1062.0,1077.1400146484377,1077.1400146484377,1554600,GOOG,2017-12-18,4011.949951171875,73.77999877929688,1128.9000244140625,2850,12,51
10313,1075.199951171875,1076.8399658203123,1063.550048828125,1070.6800537109377,1070.6800537109377,1338700,GOOG,2017-12-19,3996.590087890625,73.55000305175781,1122.9300537109377,2851,12,51
10314,1071.780029296875,1073.3800048828123,1061.52001953125,1064.949951171875,1064.949951171875,1268600,GOOG,2017-12-20,3998.780029296875,73.56999969482422,1121.8900146484377,2852,12,51
10315,1064.949951171875,1069.3299560546877,1061.7939453125,1063.6300048828123,1063.6300048828123,995700,GOOG,2017-12-21,3977.39990234375,72.97000122070312,1118.6500244140623,2853,12,51
10316,1061.1099853515623,1064.199951171875,1059.43994140625,1060.1199951171877,1060.1199951171877,755100,GOOG,2017-12-22,3969.3798828125,72.81999969482422,1117.81005859375,2854,12,51
10317,1058.0699462890623,1060.1199951171877,1050.199951171875,1056.739990234375,1056.739990234375,760600,GOOG,2017-12-26,3943.7099609375,72.31999969482422,1110.030029296875,2856,12,52
10318,1057.3900146484377,1058.3699951171877,1048.050048828125,1049.3699951171877,1049.3699951171877,1271900,GOOG,2017-12-27,3954.739990234375,72.5199966430664,1111.8299560546877,2857,12,52
10319,1051.5999755859377,1054.75,1044.77001953125,1048.1400146484377,1048.1400146484377,837100,GOOG,2017-12-28,3953.8701171875,72.51000213623047,1112.989990234375,2858,12,52
10320,1046.719970703125,1049.699951171875,1044.9000244140623,1046.4000244140623,1046.4000244140623,887500,GOOG,2017-12-29,3920.9599609375,71.94000244140625,1106.1800537109377,2859,12,52
10321,1048.3399658203123,1066.93994140625,1045.22998046875,1065.0,1065.0,1237600,GOOG,2018-01-02,3995.9599609375,73.26000213623047,1121.81005859375,2861,1,1
10322,1064.31005859375,1086.2900390625,1063.2099609375,1082.47998046875,1082.47998046875,1430200,GOOG,2018-01-03,4044.330078125,74.13999938964844,1133.989990234375,2862,1,1
10323,1088.0,1093.5699462890623,1084.001953125,1086.4000244140623,1086.4000244140623,1004600,GOOG,2018-01-04,4071.280029296875,74.69999694824219,1139.4000244140625,2863,1,1
10324,1094.0,1104.25,1092.0,1102.22998046875,1102.22998046875,1279100,GOOG,2018-01-05,4102.3701171875,75.23999786376953,1152.81005859375,2864,1,1
10325,1102.22998046875,1111.27001953125,1101.6199951171877,1106.93994140625,1106.93994140625,1047600,GOOG,2018-01-08,4129.02001953125,75.72000122070312,1157.02001953125,2865,1,2
10326,1109.4000244140623,1110.5699462890623,1101.23095703125,1106.260009765625,1106.260009765625,902500,GOOG,2018-01-09,4112.169921875,75.44999694824219,1154.030029296875,2866,1,2
10327,1097.0999755859377,1104.5999755859377,1096.1099853515623,1102.6099853515623,1102.6099853515623,1042800,GOOG,2018-01-10,4088.35009765625,75.0,1150.449951171875,2867,1,2
10328,1106.300048828125,1106.5250244140623,1099.5899658203123,1105.52001953125,1105.52001953125,978300,GOOG,2018-01-11,4105.580078125,75.27999877929688,1155.93994140625,2868,1,2
10329,1102.4100341796877,1124.2900390625,1101.1500244140623,1122.260009765625,1122.260009765625,1720500,GOOG,2018-01-12,4136.39990234375,75.86000061035156,1162.93994140625,2869,1,2
10330,1132.510009765625,1139.9100341796875,1117.83203125,1121.760009765625,1121.760009765625,1575300,GOOG,2018-01-16,4120.1298828125,75.58999633789062,1158.1199951171875,2871,1,3
10331,1126.219970703125,1132.5999755859375,1117.010009765625,1131.97998046875,1131.97998046875,1202600,GOOG,2018-01-17,4205.5400390625,77.12000274658203,1176.4200439453125,2872,1,3
10332,1131.4100341796875,1132.510009765625,1117.5,1129.7900390625,1129.7900390625,1198200,GOOG,2018-01-18,4213.759765625,77.30999755859375,1178.449951171875,2873,1,3
10333,1131.8299560546875,1137.8599853515625,1128.300048828125,1137.510009765625,1137.510009765625,1778200,GOOG,2018-01-19,4227.68017578125,77.5199966430664,1180.280029296875,2874,1,3
10334,1137.489990234375,1159.8800048828125,1135.1099853515625,1155.81005859375,1155.81005859375,1618000,GOOG,2018-01-22,4256.14990234375,78.04000091552734,1190.510009765625,2875,1,4
10335,1159.8499755859375,1171.626953125,1158.75,1169.969970703125,1169.969970703125,1333100,GOOG,2018-01-23,4288.7099609375,78.68000030517578,1198.1400146484375,2876,1,4
10336,1177.3299560546875,1179.8599853515625,1161.050048828125,1164.239990234375,1164.239990234375,1416600,GOOG,2018-01-24,4227.6298828125,77.55000305175781,1187.27001953125,2877,1,4
10337,1172.530029296875,1175.93994140625,1162.760009765625,1170.3699951171875,1170.3699951171875,1480500,GOOG,2018-01-25,4191.31005859375,76.87000274658203,1184.4200439453125,2878,1,4
10338,1175.0799560546875,1175.8399658203125,1158.1099853515625,1175.8399658203125,1175.8399658203125,2018800,GOOG,2018-01-26,4285.580078125,78.52999877929688,1203.8800048828125,2879,1,4
10339,1176.47998046875,1186.8900146484375,1171.97998046875,1175.5799560546875,1175.5799560546875,1378900,GOOG,2018-01-29,4257.240234375,78.08999633789062,1193.4000244140625,2880,1,5
10340,1167.8299560546875,1176.52001953125,1163.52001953125,1163.68994140625,1163.68994140625,1556300,GOOG,2018-01-30,4200.5400390625,77.02999877929688,1181.22998046875,2881,1,5
10341,1170.5699462890625,1173.0,1159.1300048828125,1169.93994140625,1169.93994140625,1538700,GOOG,2018-01-31,4227.39990234375,77.56999969482422,1189.8800048828125,2882,1,5
10342,1162.6099853515625,1174.0,1157.52001953125,1167.699951171875,1167.699951171875,2412100,GOOG,2018-02-01,4199.2900390625,77.0199966430664,1189.530029296875,2883,2,5
10343,1122.0,1123.0699462890623,1107.2779541015623,1111.9000244140623,1111.9000244140623,4857900,GOOG,2018-02-02,4090.89990234375,75.0,1154.300048828125,2884,2,5
10344,1090.5999755859377,1110.0,1052.030029296875,1055.800048828125,1055.800048828125,3798300,GOOG,2018-02-05,3932.679931640625,72.13999938964844,1107.780029296875,2885,2,6
10345,1027.1800537109377,1081.7099609375,1023.1370239257812,1080.5999755859377,1080.5999755859377,3448000,GOOG,2018-02-06,4039.8701171875,74.08999633789062,1138.989990234375,2886,2,6
10346,1081.5400390625,1081.780029296875,1048.260009765625,1048.5799560546877,1048.5799560546877,2369200,GOOG,2018-02-07,3969.6298828125,72.83000183105469,1123.3599853515623,2887,2,6
10347,1055.4100341796877,1058.6199951171877,1000.6599731445312,1001.52001953125,1001.52001953125,2859100,GOOG,2018-02-08,3804.659912109375,69.79000091552734,1075.93994140625,2888,2,6
10348,1017.25,1043.969970703125,992.5599975585938,1037.780029296875,1037.780029296875,3505900,GOOG,2018-02-09,3890.260009765625,71.25,1103.1199951171877,2889,2,6
10349,1048.0,1061.5,1040.927978515625,1051.93994140625,1051.93994140625,2057700,GOOG,2018-02-12,3963.35009765625,72.69000244140625,1122.8900146484377,2890,2,7
10350,1045.0,1058.3699951171877,1044.0870361328123,1052.0999755859377,1052.0999755859377,1265100,GOOG,2018-02-13,3974.340087890625,72.91000366210938,1125.8900146484377,2891,2,7
10351,1048.949951171875,1071.719970703125,1046.75,1069.699951171875,1069.699951171875,1555800,GOOG,2018-02-14,4060.25,74.48999786376953,1147.8499755859375,2892,2,7
10352,1079.0699462890623,1091.47900390625,1064.3399658203123,1089.52001953125,1089.52001953125,1843400,GOOG,2018-02-15,4136.47998046875,75.91999816894531,1169.6600341796875,2893,2,7
10353,1088.4100341796877,1104.6700439453123,1088.31298828125,1094.800048828125,1094.800048828125,1679500,GOOG,2018-02-16,4131.97021484375,75.8499984741211,1167.4300537109375,2894,2,7
10354,1090.5699462890623,1113.949951171875,1088.52001953125,1102.4599609375,1102.4599609375,1423100,GOOG,2018-02-20,4172.77978515625,76.5999984741211,1170.3299560546875,2896,2,8
10355,1106.469970703125,1133.969970703125,1106.3299560546877,1111.3399658203123,1111.3399658203123,1512900,GOOG,2018-02-21,4142.5,76.08999633789062,1163.3499755859375,2897,2,8
10356,1116.18994140625,1122.8199462890623,1102.5899658203123,1106.6300048828123,1106.6300048828123,1317200,GOOG,2018-02-22,4131.740234375,75.9000015258789,1164.3199462890625,2898,2,8
10357,1112.6400146484377,1127.280029296875,1104.7139892578123,1126.7900390625,1126.7900390625,1261000,GOOG,2018-02-23,4217.35009765625,77.41999816894531,1189.6099853515625,2899,2,8
10358,1127.800048828125,1143.9599609375,1126.6949462890625,1143.75,1143.75,1559100,GOOG,2018-02-26,4276.64013671875,78.5,1208.3800048828125,2900,2,9
10359,1141.239990234375,1144.0400390625,1118.0,1118.2900390625,1118.2900390625,1774100,GOOG,2018-02-27,4237.2099609375,77.83000183105469,1196.9100341796875,2901,2,9
10360,1123.030029296875,1127.530029296875,1103.239990234375,1104.72998046875,1104.72998046875,1882600,GOOG,2018-02-28,4211.3798828125,77.3499984741211,1188.550048828125,2902,2,9
10361,1107.8699951171877,1110.1199951171877,1067.0009765625,1069.52001953125,1069.52001953125,2515900,GOOG,2018-03-01,4153.2099609375,76.30000305175781,1168.3499755859375,2903,3,9
10362,1053.0799560546877,1081.9990234375,1048.114990234375,1078.9200439453123,1078.9200439453123,2271600,GOOG,2018-03-02,4216.56982421875,77.41000366210938,1179.68994140625,2904,3,9
10363,1075.1400146484377,1097.0999755859377,1069.0,1090.9300537109377,1090.9300537109377,1202200,GOOG,2018-03-05,4268.169921875,78.37999725341797,1190.800048828125,2905,3,10
10364,1099.219970703125,1101.8499755859377,1089.7750244140623,1095.06005859375,1095.06005859375,1532800,GOOG,2018-03-06,4318.85986328125,79.33000183105469,1193.68994140625,2906,3,10
10365,1089.18994140625,1112.219970703125,1085.4820556640623,1109.6400146484377,1109.6400146484377,1292500,GOOG,2018-03-07,4358.43994140625,80.04000091552734,1200.2900390625,2907,3,10
10366,1115.3199462890623,1127.5999755859375,1112.800048828125,1126.0,1126.0,1355100,GOOG,2018-03-08,4376.47021484375,80.36000061035156,1205.760009765625,2908,3,10
10367,1136.0,1160.800048828125,1132.4610595703125,1160.0400390625,1160.0400390625,2128000,GOOG,2018-03-09,4464.39990234375,81.95999908447266,1230.2900390625,2909,3,10
10368,1163.8499755859375,1177.050048828125,1157.4200439453125,1164.5,1164.5,2172300,GOOG,2018-03-12,4496.58984375,82.6500015258789,1233.969970703125,2910,3,11
10369,1170.0,1176.760009765625,1133.3299560546875,1138.1700439453125,1138.1700439453125,1907200,GOOG,2018-03-13,4437.7998046875,81.52999877929688,1219.0899658203125,2911,3,11
10370,1145.2099609375,1158.5899658203125,1141.43994140625,1149.489990234375,1149.489990234375,1291400,GOOG,2018-03-14,4437.9501953125,81.52999877929688,1218.239990234375,2912,3,11
10371,1149.9599609375,1161.0799560546875,1134.5400390625,1149.5799560546875,1149.5799560546875,1395400,GOOG,2018-03-15,4442.47998046875,81.62999725341797,1219.199951171875,2913,3,11
10372,1154.1400146484375,1155.8800048828125,1131.9599609375,1135.72998046875,1135.72998046875,3092000,GOOG,2018-03-16,4447.240234375,81.62999725341797,1218.4100341796875,2914,3,11
10373,1120.010009765625,1121.989990234375,1089.010009765625,1099.8199462890623,1099.8199462890623,2805900,GOOG,2018-03-19,4361.419921875,80.08000183105469,1192.6700439453125,2915,3,12
10374,1099.0,1105.199951171875,1083.4599609375,1097.7099609375,1097.7099609375,1831900,GOOG,2018-03-20,4377.72998046875,80.4000015258789,1192.9200439453125,2916,3,12
10375,1092.739990234375,1106.300048828125,1085.1500244140623,1090.8800048828123,1090.8800048828123,1878900,GOOG,2018-03-21,4377.2099609375,80.4000015258789,1185.800048828125,2917,3,12
10376,1081.8800048828123,1082.9000244140623,1045.9100341796877,1049.0799560546877,1049.0799560546877,2667000,GOOG,2018-03-22,4257.52001953125,78.12000274658203,1153.9100341796875,2918,3,12
10377,1047.030029296875,1063.3599853515623,1021.219970703125,1021.5700073242188,1021.5700073242188,2156700,GOOG,2018-03-23,4121.8701171875,75.62000274658203,1122.4000244140623,2919,3,12
10378,1046.0,1055.6300048828123,1008.4000244140624,1053.2099609375,1053.2099609375,2665100,GOOG,2018-03-26,4272.83984375,78.37999725341797,1167.6300048828125,2920,3,13
10379,1063.0,1064.8389892578123,996.9199829101562,1005.0999755859376,1005.0999755859376,3095300,GOOG,2018-03-27,4132.43017578125,75.8499984741211,1127.0899658203125,2921,3,13
10380,998.0,1024.22998046875,980.6400146484376,1004.5599975585938,1004.5599975585938,3369300,GOOG,2018-03-28,4077.139892578125,74.76000213623047,1117.3299560546877,2922,3,13
10381,1011.6300048828124,1043.0,1002.9000244140624,1031.7900390625,1031.7900390625,2726800,GOOG,2018-03-29,4148.759765625,76.0199966430664,1141.6199951171875,2923,3,13
10382,1022.8200073242188,1034.800048828125,990.3699951171876,1006.469970703125,1006.469970703125,2680400,GOOG,2018-04-02,4029.18994140625,73.95999908447266,1113.280029296875,2925,4,14
10383,1013.9099731445312,1020.989990234375,994.0700073242188,1013.4099731445312,1013.4099731445312,2275100,GOOG,2018-04-03,4080.510009765625,74.87999725341797,1124.52001953125,2926,4,14
10384,993.4099731445312,1028.718017578125,993.0,1025.1400146484377,1025.1400146484377,2484700,GOOG,2018-04-04,4139.3798828125,75.94999694824219,1139.8800048828125,2927,4,14
10385,1041.3299560546877,1042.7900390625,1020.1309814453124,1027.81005859375,1027.81005859375,1363000,GOOG,2018-04-05,4120.66015625,75.66000366210938,1144.4100341796875,2928,4,14
10386,1020.0,1031.4200439453123,1003.030029296875,1007.0399780273438,1007.0399780273438,1746400,GOOG,2018-04-06,4012.75,73.63999938964844,1115.43994140625,2929,4,14
10387,1016.7999877929688,1039.5999755859377,1014.0800170898438,1015.4500122070312,1015.4500122070312,1751600,GOOG,2018-04-09,4041.739990234375,74.13999938964844,1124.1199951171877,2930,4,15
10388,1026.43994140625,1036.280029296875,1011.3400268554688,1031.6400146484377,1031.6400146484377,1974500,GOOG,2018-04-10,4150.18994140625,76.16000366210938,1152.030029296875,2931,4,15
10389,1027.989990234375,1031.364013671875,1015.8699951171876,1019.969970703125,1019.969970703125,1483900,GOOG,2018-04-11,4141.830078125,75.98999786376953,1146.1600341796875,2932,4,15
10390,1025.0400390625,1040.68994140625,1021.4349975585938,1032.510009765625,1032.510009765625,1357000,GOOG,2018-04-12,4201.580078125,77.12000274658203,1160.8900146484375,2933,4,15
10391,1040.8800048828123,1046.4200439453123,1022.97998046875,1029.27001953125,1029.27001953125,1223000,GOOG,2018-04-13,4173.6201171875,76.58000183105469,1157.0899658203125,2934,4,15
10392,1037.0,1043.239990234375,1026.739990234375,1037.97998046875,1037.97998046875,1211200,GOOG,2018-04-16,4198.93994140625,77.05999755859375,1165.219970703125,2935,4,16
10393,1051.3699951171877,1077.8800048828123,1048.260009765625,1074.1600341796877,1074.1600341796877,2320300,GOOG,2018-04-17,4283.0400390625,78.62000274658203,1188.6400146484375,2936,4,16
10394,1077.4300537109377,1077.4300537109377,1066.2249755859377,1072.0799560546877,1072.0799560546877,1344100,GOOG,2018-04-18,4262.93994140625,78.23999786376953,1185.8599853515625,2937,4,16
10395,1069.4000244140623,1094.1650390625,1068.1800537109377,1087.699951171875,1087.699951171875,1747700,GOOG,2018-04-19,4160.81982421875,76.31999969482422,1172.4200439453125,2938,4,16
10396,1082.0,1092.3499755859377,1069.5699462890623,1072.9599609375,1072.9599609375,1889700,GOOG,2018-04-20,4111.990234375,75.44000244140625,1154.7099609375,2939,4,16
10397,1077.8599853515623,1082.719970703125,1060.699951171875,1067.449951171875,1067.449951171875,2341300,GOOG,2018-04-23,4079.8798828125,74.83999633789062,1150.1199951171875,2940,4,17
10398,1052.0,1057.0,1010.5900268554688,1019.97998046875,1019.97998046875,4760300,GOOG,2018-04-24,4039.340087890625,74.12000274658203,1127.260009765625,2941,4,17
10399,1025.52001953125,1032.489990234375,1015.3099975585938,1021.1799926757812,1021.1799926757812,2391100,GOOG,2018-04-25,4030.06005859375,73.93000030517578,1125.9200439453125,2942,4,17
10400,1029.510009765625,1047.97998046875,1018.1900024414062,1040.0400390625,1040.0400390625,2079500,GOOG,2018-04-26,4116.3798828125,75.52999877929688,1151.47998046875,2943,4,17
10401,1046.0,1049.5,1025.5899658203123,1030.050048828125,1030.050048828125,1619800,GOOG,2018-04-27,4100.759765625,75.29000091552734,1147.7900390625,2944,4,17
10402,1030.010009765625,1037.0,1016.8499755859376,1017.3300170898438,1017.3300170898438,1671300,GOOG,2018-04-30,4072.929931640625,74.76000213623047,1141.97998046875,2945,4,18
10403,1013.6599731445312,1038.469970703125,1008.2100219726562,1037.31005859375,1037.31005859375,1427900,GOOG,2018-05-01,4117.9501953125,75.58000183105469,1158.699951171875,2946,5,18
10404,1028.0999755859377,1040.3890380859377,1022.8699951171876,1024.3800048828123,1024.3800048828123,1603100,GOOG,2018-05-02,4091.1201171875,75.05000305175781,1158.3599853515625,2947,5,18
10405,1019.0,1029.675048828125,1006.2899780273438,1023.719970703125,1023.719970703125,1815100,GOOG,2018-05-03,4106.77978515625,75.33000183105469,1161.719970703125,2948,5,18
10406,1016.9000244140624,1048.510009765625,1016.9000244140624,1048.2099609375,1048.2099609375,1938700,GOOG,2018-05-04,4181.4599609375,76.73999786376953,1184.6199951171875,2949,5,18
10407,1049.22998046875,1061.6800537109377,1047.0999755859377,1054.7900390625,1054.7900390625,1466100,GOOG,2018-05-07,4212.490234375,77.31999969482422,1193.97998046875,2950,5,19
10408,1058.5400390625,1060.550048828125,1047.14501953125,1053.9100341796877,1053.9100341796877,1217700,GOOG,2018-05-08,4235.18017578125,77.69999694824219,1197.4300537109375,2951,5,19
10409,1058.0999755859377,1085.43994140625,1056.364990234375,1082.760009765625,1082.760009765625,2032800,GOOG,2018-05-09,4286.740234375,78.61000061035156,1213.8800048828125,2952,5,19
10410,1086.030029296875,1100.43994140625,1085.6400146484377,1097.5699462890623,1097.5699462890623,1443000,GOOG,2018-05-10,4348.75,79.81999969482422,1229.4599609375,2953,5,19
10411,1093.5999755859377,1101.3299560546877,1090.9100341796877,1098.260009765625,1098.260009765625,1253700,GOOG,2018-05-11,4290.41015625,78.73999786376953,1225.489990234375,2954,5,19
10412,1100.0,1110.75,1099.1099853515623,1100.199951171875,1100.199951171875,1518100,GOOG,2018-05-14,4311.64990234375,79.16000366210938,1225.280029296875,2955,5,20
10413,1090.0,1090.050048828125,1073.469970703125,1079.22998046875,1079.22998046875,1494900,GOOG,2018-05-15,4278.56982421875,78.56999969482422,1213.52001953125,2956,5,20
10414,1077.31005859375,1089.27001953125,1076.260009765625,1081.77001953125,1081.77001953125,1097300,GOOG,2018-05-16,4320.33984375,79.37000274658203,1218.0799560546875,2957,5,20
10415,1079.8900146484377,1086.8699951171877,1073.5,1078.5899658203123,1078.5899658203123,1043800,GOOG,2018-05-17,4295.93994140625,78.93000030517578,1212.0899658203125,2958,5,20
10416,1061.8599853515623,1069.93994140625,1060.6800537109377,1066.3599853515623,1066.3599853515623,1565200,GOOG,2018-05-18,4249.56005859375,78.05000305175781,1206.5799560546875,2959,5,20
10417,1074.06005859375,1088.0,1073.6500244140623,1079.5799560546877,1079.5799560546877,1023200,GOOG,2018-05-21,4266.60986328125,78.38999938964844,1216.699951171875,2960,5,21
10418,1083.56005859375,1086.5899658203123,1066.68994140625,1069.72998046875,1069.72998046875,1090000,GOOG,2018-05-22,4272.64990234375,78.51000213623047,1213.530029296875,2961,5,21
10419,1065.1300048828123,1080.780029296875,1061.7099609375,1079.68994140625,1079.68994140625,1060700,GOOG,2018-05-23,4294.919921875,78.88999938964844,1223.9200439453125,2962,5,21
10420,1079.0,1080.469970703125,1066.1500244140623,1079.239990234375,1079.239990234375,766800,GOOG,2018-05-24,4293.68994140625,78.91000366210938,1222.4300537109375,2963,5,21
10421,1079.02001953125,1082.56005859375,1073.7750244140623,1075.6600341796877,1075.6600341796877,899400,GOOG,2018-05-25,4300.43994140625,79.0,1222.4200439453125,2964,5,21
10422,1064.8900146484377,1073.3699951171877,1055.219970703125,1060.3199462890623,1060.3199462890623,1865100,GOOG,2018-05-29,4275.06005859375,78.52999877929688,1214.3699951171875,2966,5,22
10423,1063.030029296875,1069.2099609375,1056.8299560546877,1067.800048828125,1067.800048828125,1138500,GOOG,2018-05-30,4299.5400390625,79.0199966430664,1223.1700439453125,2967,5,22
10424,1067.56005859375,1097.18994140625,1067.56005859375,1084.989990234375,1084.989990234375,3088300,GOOG,2018-05-31,4282.47021484375,78.7300033569336,1223.449951171875,2968,5,22
10425,1099.3499755859377,1120.0,1098.5,1119.5,1119.5,2421600,GOOG,2018-06-01,4363.02001953125,80.13999938964844,1247.550048828125,2969,6,22
10426,1122.3299560546877,1141.8900146484375,1122.0050048828123,1139.2900390625,1139.2900390625,1889600,GOOG,2018-06-04,4393.7001953125,80.75,1257.4200439453125,2970,6,23
10427,1140.989990234375,1145.738037109375,1133.18994140625,1139.6600341796875,1139.6600341796875,1678000,GOOG,2018-06-05,4417.02001953125,81.19000244140625,1262.8199462890625,2971,6,23
10428,1142.1700439453125,1143.0,1125.7430419921877,1136.8800048828125,1136.8800048828125,1698200,GOOG,2018-06-06,4439.22998046875,81.58000183105469,1269.56005859375,2972,6,23
10429,1131.3199462890625,1135.8199462890625,1116.52001953125,1123.8599853515623,1123.8599853515623,1520000,GOOG,2018-06-07,4383.990234375,80.5999984741211,1255.77001953125,2973,6,23
10430,1118.1800537109377,1126.6700439453125,1112.1500244140623,1120.8699951171877,1120.8699951171877,1290800,GOOG,2018-06-08,4378.4501953125,80.5,1256.1300048828125,2974,6,23
10431,1118.5999755859377,1137.260009765625,1118.5999755859377,1129.989990234375,1129.989990234375,1079300,GOOG,2018-06-11,4384.830078125,80.62999725341797,1255.989990234375,2975,6,24
10432,1131.0699462890625,1139.7900390625,1130.7349853515625,1139.3199462890625,1139.3199462890625,912000,GOOG,2018-06-12,4406.47998046875,80.98999786376953,1263.31005859375,2976,6,24
10433,1141.1199951171875,1146.5,1133.3800048828125,1134.7900390625,1134.7900390625,1506400,GOOG,2018-06-13,4398.990234375,80.83999633789062,1260.4300537109375,2977,6,24
10434,1143.8499755859375,1155.469970703125,1140.6400146484375,1152.1199951171875,1152.1199951171875,1343400,GOOG,2018-06-14,4429.14990234375,81.4000015258789,1268.0999755859375,2978,6,24
10435,1148.8599853515625,1153.4200439453125,1143.4849853515625,1152.260009765625,1152.260009765625,2122500,GOOG,2018-06-15,4418.35986328125,81.25,1262.4200439453125,2979,6,24
10436,1143.6500244140625,1174.31005859375,1143.5899658203125,1173.4599609375,1173.4599609375,1413700,GOOG,2018-06-18,4404.60009765625,80.97000122070312,1265.72998046875,2980,6,25
10437,1158.5,1171.27001953125,1154.010009765625,1168.06005859375,1168.06005859375,1621000,GOOG,2018-06-19,4368.5400390625,80.30000305175781,1256.6500244140625,2981,6,25
10438,1175.31005859375,1186.2860107421875,1169.1600341796875,1169.8399658203125,1169.8399658203125,1648500,GOOG,2018-06-20,4382.25,80.55999755859375,1260.8399658203125,2982,6,25
10439,1174.8499755859375,1177.2950439453125,1152.2320556640625,1157.6600341796875,1157.6600341796875,1238100,GOOG,2018-06-21,4342.0,79.66000366210938,1250.7099609375,2983,6,25
10440,1159.1400146484375,1162.4969482421875,1147.260009765625,1155.47998046875,1155.47998046875,1311000,GOOG,2018-06-22,4309.56982421875,79.01000213623047,1245.93994140625,2984,6,25
10441,1143.5999755859375,1143.9100341796875,1112.780029296875,1124.81005859375,1124.81005859375,2157300,GOOG,2018-06-25,4202.27001953125,77.13999938964844,1217.550048828125,2985,6,26
10442,1128.0,1133.2099609375,1116.6590576171877,1118.4599609375,1118.4599609375,1563200,GOOG,2018-06-26,4224.31005859375,77.51000213623047,1223.3399658203125,2986,6,26
10443,1121.3399658203123,1131.8360595703125,1103.6199951171877,1103.97998046875,1103.97998046875,1293900,GOOG,2018-06-27,4139.0400390625,75.91000366210938,1205.5699462890625,2987,6,26
10444,1102.0899658203123,1122.31005859375,1096.010009765625,1114.219970703125,1114.219970703125,1072400,GOOG,2018-06-28,4175.66015625,76.6500015258789,1218.5400390625,2988,6,26
10445,1120.0,1128.22705078125,1115.0,1115.6500244140623,1115.6500244140623,1315100,GOOG,2018-06-29,4193.31982421875,77.05999755859375,1218.6400146484375,2989,6,26
10446,1099.0,1128.0,1093.800048828125,1127.4599609375,1127.4599609375,1217300,GOOG,2018-07-02,4229.6201171875,77.61000061035156,1230.6700439453125,2990,7,27
10447,1135.8199462890625,1135.8199462890625,1100.02001953125,1102.8900146484377,1102.8900146484377,679000,GOOG,2018-07-03,4178.60009765625,76.68000030517578,1213.800048828125,2991,7,27
10448,1110.530029296875,1127.5,1108.47998046875,1124.27001953125,1124.27001953125,1066700,GOOG,2018-07-05,4252.830078125,78.05000305175781,1231.5799560546875,2993,7,27
10449,1123.5799560546877,1140.9300537109375,1120.737060546875,1140.1700439453125,1140.1700439453125,996100,GOOG,2018-07-06,4303.97998046875,79.0199966430664,1246.81005859375,2994,7,27
10450,1148.47998046875,1154.6700439453125,1143.4200439453125,1154.050048828125,1154.050048828125,909000,GOOG,2018-07-09,4335.39013671875,79.54000091552734,1256.989990234375,2995,7,28
10451,1156.97998046875,1159.5899658203125,1149.5899658203125,1152.8399658203125,1152.8399658203125,798400,GOOG,2018-07-10,4349.83984375,79.83999633789062,1259.9300537109375,2996,7,28
10452,1144.5899658203125,1164.2900390625,1141.0,1153.9000244140625,1153.9000244140625,1120000,GOOG,2018-07-11,4297.72021484375,78.87999725341797,1253.510009765625,2997,7,28
10453,1159.8900146484375,1184.4100341796875,1155.93505859375,1183.47998046875,1183.47998046875,1251900,GOOG,2018-07-12,4393.41015625,80.5999984741211,1276.0,2998,7,28
10454,1185.0,1195.4169921875,1180.0,1188.8199462890625,1188.8199462890625,1221900,GOOG,2018-07-13,4381.93017578125,80.4000015258789,1275.699951171875,2999,7,28
10455,1189.3900146484375,1191.0,1179.280029296875,1183.8599853515625,1183.8599853515625,1055700,GOOG,2018-07-16,4371.97021484375,80.20999908447266,1271.25,3000,7,29
10456,1172.219970703125,1203.0400390625,1170.5999755859375,1198.800048828125,1198.800048828125,1610400,GOOG,2018-07-17,4411.419921875,80.95999908447266,1281.56005859375,3001,7,29
10457,1196.56005859375,1204.5,1190.3399658203125,1195.8800048828125,1195.8800048828125,1393600,GOOG,2018-07-18,4429.39013671875,81.2699966430664,1280.1300048828125,3002,7,29
10458,1191.0,1200.0,1183.3199462890625,1186.9599609375,1186.9599609375,1276700,GOOG,2018-07-19,4399.8701171875,80.70999908447266,1275.8499755859375,3003,7,29
10459,1186.9599609375,1196.8599853515625,1184.219970703125,1184.9100341796875,1184.9100341796875,1247400,GOOG,2018-07-20,4382.81005859375,80.41999816894531,1276.989990234375,3004,7,29
10460,1181.010009765625,1206.489990234375,1181.0,1205.5,1205.5,2619200,GOOG,2018-07-23,4385.18994140625,80.44999694824219,1283.5999755859375,3005,7,30
10461,1262.5899658203125,1266.0,1235.56005859375,1248.0799560546875,1248.0799560546875,3318200,GOOG,2018-07-24,4360.3701171875,79.9800033569336,1290.0,3006,7,30
10462,1239.1300048828125,1265.8599853515625,1239.1300048828125,1263.699951171875,1263.699951171875,2127800,GOOG,2018-07-25,4414.5,81.0199966430664,1309.3699951171875,3007,7,30
10463,1251.0,1269.77099609375,1249.02001953125,1268.3299560546875,1268.3299560546875,2405600,GOOG,2018-07-26,4423.080078125,81.19999694824219,1287.9000244140625,3008,7,30
10464,1271.0,1273.8900146484375,1231.0,1238.5,1238.5,2130600,GOOG,2018-07-27,4369.60986328125,80.18000030517578,1262.27001953125,3009,7,30
10465,1228.010009765625,1234.916015625,1211.469970703125,1219.739990234375,1219.739990234375,1849900,GOOG,2018-07-30,4300.52978515625,78.9000015258789,1239.7900390625,3010,7,31
10466,1220.010009765625,1227.5880126953125,1205.5999755859375,1217.260009765625,1217.260009765625,1644700,GOOG,2018-07-31,4322.72021484375,79.41000366210938,1243.449951171875,3011,7,31
10467,1228.0,1233.469970703125,1210.2099609375,1220.010009765625,1220.010009765625,1567200,GOOG,2018-08-01,4315.10009765625,79.12999725341797,1255.47998046875,3012,8,31
10468,1205.9000244140625,1229.8800048828125,1204.7900390625,1226.1500244140625,1226.1500244140625,1531300,GOOG,2018-08-02,4354.85986328125,79.87000274658203,1272.6700439453125,3013,8,31
10469,1229.6199951171875,1230.0,1215.06005859375,1223.7099609375,1223.7099609375,1089600,GOOG,2018-08-03,4368.47998046875,80.05999755859375,1277.050048828125,3014,8,31
10470,1225.0,1226.0880126953125,1215.7969970703125,1224.77001953125,1224.77001953125,1081700,GOOG,2018-08-06,4393.9501953125,80.63999938964844,1284.5999755859375,3015,8,32
10471,1237.0,1251.1700439453125,1236.1700439453125,1242.219970703125,1242.219970703125,1494000,GOOG,2018-08-07,4404.080078125,80.83000183105469,1288.8299560546875,3016,8,32
10472,1240.469970703125,1256.5,1238.008056640625,1245.6099853515625,1245.6099853515625,1370300,GOOG,2018-08-08,4406.97021484375,80.9000015258789,1292.469970703125,3017,8,32
10473,1249.9000244140625,1255.5419921875,1246.010009765625,1249.0999755859375,1249.0999755859375,848600,GOOG,2018-08-09,4364.6298828125,80.0999984741211,1291.77001953125,3018,8,32
10474,1243.0,1245.6949462890625,1232.0,1237.6099853515625,1237.6099853515625,1108700,GOOG,2018-08-10,4303.81982421875,78.98999786376953,1281.2900390625,3019,8,32
10475,1236.97998046875,1249.27294921875,1233.6409912109375,1235.010009765625,1235.010009765625,997300,GOOG,2018-08-13,4292.9599609375,78.77999877929688,1279.4200439453125,3020,8,33
10476,1235.18994140625,1245.8699951171875,1225.1099853515625,1242.0999755859375,1242.0999755859375,1348100,GOOG,2018-08-14,4297.06005859375,78.9000015258789,1287.3299560546875,3021,8,33
10477,1229.260009765625,1235.239990234375,1209.510009765625,1214.3800048828125,1214.3800048828125,1828800,GOOG,2018-08-15,4244.35009765625,77.91999816894531,1273.6099853515625,3022,8,33
10478,1224.72998046875,1226.0,1202.550048828125,1206.489990234375,1206.489990234375,1343200,GOOG,2018-08-16,4260.47998046875,78.18000030517578,1276.8199462890625,3023,8,33
10479,1202.030029296875,1209.02001953125,1188.239990234375,1200.9599609375,1200.9599609375,1389600,GOOG,2018-08-17,4257.10986328125,78.0999984741211,1279.1600341796875,3024,8,33
10480,1205.02001953125,1211.0,1194.6259765625,1207.77001953125,1207.77001953125,870800,GOOG,2018-08-20,4259.25,78.13999938964844,1277.199951171875,3025,8,34
10481,1208.0,1217.260009765625,1200.35400390625,1201.6199951171875,1201.6199951171875,1205600,GOOG,2018-08-21,4298.35986328125,78.94000244140625,1278.1400146484375,3026,8,34
10482,1200.0,1211.8399658203125,1199.0,1207.3299560546875,1207.3299560546875,887400,GOOG,2018-08-22,4316.33984375,79.27999877929688,1284.25,3027,8,34
10483,1207.1400146484375,1221.280029296875,1204.239990234375,1205.3800048828125,1205.3800048828125,992600,GOOG,2018-08-23,4320.47021484375,79.36000061035156,1286.6099853515625,3028,8,34
10484,1208.8199462890625,1221.6500244140625,1206.3590087890625,1220.6500244140625,1220.6500244140625,946600,GOOG,2018-08-24,4383.4599609375,80.4800033569336,1300.75,3029,8,34
10485,1227.5999755859375,1243.0899658203125,1225.7159423828125,1241.8199462890625,1241.8199462890625,1156300,GOOG,2018-08-27,4424.0,81.23999786376953,1313.300048828125,3030,8,35
10486,1241.2900390625,1242.5450439453125,1228.68994140625,1231.1500244140625,1231.1500244140625,1304000,GOOG,2018-08-28,4435.5498046875,81.38999938964844,1316.1199951171875,3031,8,35
10487,1237.449951171875,1250.6600341796875,1236.3590087890625,1249.300048828125,1249.300048828125,1298900,GOOG,2018-08-29,4450.89013671875,81.75,1329.469970703125,3032,8,35
10488,1244.22998046875,1253.635009765625,1232.5899658203125,1239.1199951171875,1239.1199951171875,1331400,GOOG,2018-08-30,4413.41015625,81.13999938964844,1325.5899658203125,3033,8,35
10489,1234.97998046875,1238.6600341796875,1211.2850341796875,1218.18994140625,1218.18994140625,1816400,GOOG,2018-08-31,4422.2998046875,81.2699966430664,1327.2099609375,3034,8,35
10490,1204.27001953125,1212.989990234375,1192.5,1197.0,1197.0,1831000,GOOG,2018-09-04,4396.7998046875,80.77999877929688,1323.18994140625,3036,9,36
10491,1193.800048828125,1199.010009765625,1162.0,1186.47998046875,1186.47998046875,2061300,GOOG,2018-09-05,4339.43994140625,79.66999816894531,1303.3599853515625,3037,9,36
10492,1186.300048828125,1186.300048828125,1152.0,1171.43994140625,1171.43994140625,1888500,GOOG,2018-09-06,4280.2099609375,78.66999816894531,1292.7900390625,3038,9,36
10493,1158.6700439453125,1175.260009765625,1157.2149658203125,1164.8299560546875,1164.8299560546875,1401300,GOOG,2018-09-07,4264.2001953125,78.33999633789062,1288.3399658203125,3039,9,36
10494,1172.18994140625,1174.5400390625,1160.1099853515625,1164.6400146484375,1164.6400146484375,1115400,GOOG,2018-09-10,4281.419921875,78.66000366210938,1292.4100341796875,3040,9,37
10495,1161.6300048828125,1178.6800537109375,1156.239990234375,1177.3599853515625,1177.3599853515625,1209300,GOOG,2018-09-11,4271.7001953125,78.45999908447266,1303.239990234375,3041,9,37
10496,1172.719970703125,1178.6099853515625,1158.3599853515625,1162.8199462890625,1162.8199462890625,1295500,GOOG,2018-09-12,4241.72998046875,77.9000015258789,1296.77001953125,3042,9,37
10497,1170.739990234375,1178.6099853515625,1162.8499755859375,1175.3299560546875,1175.3299560546875,1431200,GOOG,2018-09-13,4297.47021484375,78.93000030517578,1311.6400146484375,3043,9,37
10498,1179.0999755859375,1180.425048828125,1168.3299560546875,1172.530029296875,1172.530029296875,944000,GOOG,2018-09-14,4307.1201171875,78.98999786376953,1311.9300537109375,3044,9,37
10499,1170.1400146484375,1177.239990234375,1154.030029296875,1156.050048828125,1156.050048828125,1306500,GOOG,2018-09-17,4245.60009765625,77.87999725341797,1293.6700439453125,3045,9,38
10500,1157.0899658203125,1176.0799560546875,1157.0899658203125,1161.219970703125,1161.219970703125,1203600,GOOG,2018-09-18,4278.77978515625,78.52999877929688,1301.7099609375,3046,9,38
10501,1164.97998046875,1173.2099609375,1154.5799560546875,1171.0899658203125,1171.0899658203125,1191400,GOOG,2018-09-19,4277.580078125,78.51000213623047,1300.3900146484375,3047,9,38
10502,1179.989990234375,1189.8900146484375,1173.3599853515625,1186.8699951171875,1186.8699951171875,1225400,GOOG,2018-09-20,4332.81005859375,79.5,1315.6700439453125,3048,9,38
10503,1192.0,1192.2099609375,1166.0400390625,1166.0899658203125,1166.0899658203125,4405600,GOOG,2018-09-21,4317.8701171875,79.19999694824219,1311.1700439453125,3049,9,38
10504,1157.1700439453125,1178.0,1146.9100341796875,1173.3699951171875,1173.3699951171875,1271000,GOOG,2018-09-24,4329.009765625,79.43000030517578,1315.2900390625,3050,9,39
10505,1176.1500244140625,1186.8800048828125,1168.0,1184.6500244140625,1184.6500244140625,977700,GOOG,2018-09-25,4305.14990234375,78.94000244140625,1314.7099609375,3051,9,39
10506,1185.1500244140625,1194.22998046875,1174.7650146484375,1180.489990234375,1180.489990234375,1462300,GOOG,2018-09-26,4285.89013671875,78.5999984741211,1309.3699951171875,3052,9,39
10507,1186.72998046875,1202.0999755859375,1183.6300048828125,1194.6400146484375,1194.6400146484375,1260800,GOOG,2018-09-27,4304.490234375,78.94000244140625,1316.3800048828125,3053,9,39
10508,1191.8699951171875,1195.4100341796875,1184.5,1193.469970703125,1193.469970703125,1380600,GOOG,2018-09-28,4325.68994140625,79.36000061035156,1322.0699462890625,3054,9,39
10509,1199.8900146484375,1209.9000244140625,1190.300048828125,1195.31005859375,1195.31005859375,1357600,GOOG,2018-10-01,4324.83984375,79.3499984741211,1328.550048828125,3055,10,40
10510,1190.9599609375,1209.9599609375,1186.6300048828125,1200.1099853515625,1200.1099853515625,1687900,GOOG,2018-10-02,4310.7998046875,79.05000305175781,1328.4100341796875,3056,10,40
10511,1205.0,1206.4100341796875,1193.8299560546875,1202.949951171875,1202.949951171875,1256200,GOOG,2018-10-03,4328.77001953125,79.36000061035156,1332.8699951171875,3057,10,40
10512,1195.3299560546875,1197.510009765625,1155.5760498046875,1168.18994140625,1168.18994140625,2209500,GOOG,2018-10-04,4241.72998046875,77.87000274658203,1309.0799560546875,3058,10,40
10513,1167.5,1173.5,1145.1199951171875,1157.3499755859375,1157.3499755859375,1184300,GOOG,2018-10-05,4179.740234375,76.69000244140625,1292.510009765625,3059,10,40
10514,1150.1099853515625,1168.0,1127.364013671875,1148.969970703125,1148.969970703125,1932400,GOOG,2018-10-08,4127.25,75.69000244140625,1277.25,3060,10,41
10515,1146.1500244140625,1154.3499755859375,1137.572021484375,1138.8199462890625,1138.8199462890625,1308700,GOOG,2018-10-09,4111.47021484375,75.41000366210938,1281.780029296875,3061,10,41
10516,1131.0799560546875,1132.1700439453125,1081.1300048828123,1081.219970703125,1081.219970703125,2675700,GOOG,2018-10-10,3951.389892578125,72.5199966430664,1220.6199951171875,3062,10,41
10517,1072.93994140625,1106.4000244140623,1068.27001953125,1079.3199462890623,1079.3199462890623,2949000,GOOG,2018-10-11,3919.64990234375,71.93000030517578,1205.1400146484375,3063,10,41
10518,1108.0,1115.0,1086.4019775390623,1110.0799560546877,1110.0799560546877,2101300,GOOG,2018-10-12,4005.31005859375,73.47000122070312,1243.1199951171875,3064,10,41
10519,1108.9100341796877,1113.446044921875,1089.0,1092.25,1092.25,1372400,GOOG,2018-10-15,3963.090087890625,72.69000244140625,1222.77001953125,3065,10,42
10520,1104.5899658203123,1124.219970703125,1102.5,1121.280029296875,1121.280029296875,1928500,GOOG,2018-10-16,4085.10009765625,74.98999786376953,1259.739990234375,3066,10,42
10521,1126.4599609375,1128.989990234375,1102.18994140625,1115.68994140625,1115.68994140625,1467200,GOOG,2018-10-17,4082.260009765625,74.87999725341797,1253.7900390625,3067,10,42
10522,1121.8399658203123,1121.8399658203123,1077.0899658203123,1087.969970703125,1087.969970703125,2094500,GOOG,2018-10-18,3988.739990234375,73.12999725341797,1228.5,3068,10,42
10523,1093.3699951171877,1110.3599853515623,1087.75,1096.4599609375,1096.4599609375,1267600,GOOG,2018-10-19,3960.75,72.66000366210938,1228.6300048828125,3069,10,42
10524,1103.06005859375,1112.22998046875,1091.0,1101.1600341796877,1101.1600341796877,1514200,GOOG,2018-10-22,3983.080078125,73.08000183105469,1238.5799560546875,3070,10,43
10525,1080.8900146484377,1107.8900146484377,1070.0,1103.68994140625,1103.68994140625,1848700,GOOG,2018-10-23,3986.300048828125,73.05999755859375,1233.6099853515625,3071,10,43
10526,1104.25,1106.1199951171877,1048.739990234375,1050.7099609375,1050.7099609375,1982400,GOOG,2018-10-24,3772.889892578125,69.13999938964844,1178.969970703125,3072,10,43
10527,1071.7900390625,1110.97998046875,1069.550048828125,1095.5699462890623,1095.5699462890623,2545800,GOOG,2018-10-25,3893.429931640625,71.58000183105469,1218.1400146484375,3073,10,43
10528,1037.030029296875,1106.530029296875,1034.0899658203123,1071.469970703125,1071.469970703125,4187600,GOOG,2018-10-26,3792.570068359375,69.55000305175781,1195.3499755859375,3074,10,43
10529,1082.469970703125,1097.0400390625,995.8300170898438,1020.0800170898438,1020.0800170898438,3880700,GOOG,2018-10-29,3739.989990234375,68.44000244140625,1173.72998046875,3075,10,44
10530,1008.4600219726562,1037.489990234375,1000.75,1036.2099609375,1036.2099609375,3212700,GOOG,2018-10-30,3815.669921875,70.01000213623047,1187.2900390625,3076,10,44
10531,1059.81005859375,1091.93994140625,1057.0,1076.77001953125,1076.77001953125,2529800,GOOG,2018-10-31,3899.090087890625,71.48999786376953,1215.6700439453125,3077,10,44
10532,1075.800048828125,1083.9749755859377,1062.4599609375,1070.0,1070.0,1482000,GOOG,2018-11-01,4011.989990234375,73.61000061035156,1230.27001953125,3078,11,44
10533,1073.72998046875,1082.9749755859377,1054.6099853515623,1057.7900390625,1057.7900390625,1839000,GOOG,2018-11-02,3970.929931640625,72.7300033569336,1206.989990234375,3079,11,44
10534,1055.0,1058.469970703125,1021.239990234375,1040.0899658203123,1040.0899658203123,2441400,GOOG,2018-11-05,3956.669921875,72.58000183105469,1204.8199462890625,3080,11,45
10535,1039.47998046875,1064.344970703125,1038.0699462890623,1055.81005859375,1055.81005859375,1233300,GOOG,2018-11-06,4009.60009765625,73.58000183105469,1212.199951171875,3081,11,45
10536,1069.0,1095.4599609375,1065.9000244140623,1093.3900146484377,1093.3900146484377,2058400,GOOG,2018-11-07,4085.77001953125,74.9800033569336,1247.050048828125,3082,11,45
10537,1091.3800048828123,1093.27001953125,1072.2049560546877,1082.4000244140623,1082.4000244140623,1488200,GOOG,2018-11-08,4075.1201171875,74.75,1244.5699462890625,3083,11,45
10538,1073.989990234375,1075.56005859375,1053.1099853515623,1066.1500244140623,1066.1500244140623,1343200,GOOG,2018-11-09,3992.139892578125,73.2300033569336,1223.949951171875,3084,11,45
10539,1061.3900146484377,1062.1199951171877,1031.0,1038.6300048828123,1038.6300048828123,1471800,GOOG,2018-11-12,3852.89990234375,70.66999816894531,1180.6099853515625,3085,11,46
10540,1043.2900390625,1056.60498046875,1031.1500244140623,1036.050048828125,1036.050048828125,1513700,GOOG,2018-11-13,3882.840087890625,71.19999694824219,1181.6700439453125,3086,11,46
10541,1050.0,1054.56396484375,1031.0,1043.6600341796877,1043.6600341796877,1565900,GOOG,2018-11-14,3876.929931640625,71.18000030517578,1166.43994140625,3087,11,46
10542,1044.7099609375,1071.8499755859377,1031.780029296875,1064.7099609375,1064.7099609375,1836100,GOOG,2018-11-15,3993.68994140625,73.27999877929688,1195.0799560546875,3088,11,46
10543,1059.4100341796877,1067.0,1048.97998046875,1061.489990234375,1061.489990234375,1658100,GOOG,2018-11-16,3977.27001953125,72.9800033569336,1193.780029296875,3089,11,46
10544,1057.199951171875,1060.7900390625,1016.260009765625,1020.0,1020.0,1858600,GOOG,2018-11-19,3826.699951171875,70.26000213623047,1148.5899658203125,3090,11,47
10545,1000.0,1031.739990234375,996.02001953125,1025.760009765625,1025.760009765625,2449100,GOOG,2018-11-20,3798.909912109375,69.69999694824219,1124.02001953125,3091,11,47
10546,1036.760009765625,1048.56005859375,1033.469970703125,1037.6099853515623,1037.6099853515623,1534300,GOOG,2018-11-21,3848.4599609375,70.72000122070312,1131.030029296875,3092,11,47
10547,1030.0,1037.5899658203123,1022.3989868164062,1023.8800048828124,1023.8800048828124,691500,GOOG,2018-11-23,3834.43994140625,70.37999725341797,1121.18994140625,3094,11,47
10548,1038.3499755859377,1049.31005859375,1033.9100341796877,1048.6199951171877,1048.6199951171877,1942800,GOOG,2018-11-26,3910.639892578125,71.77999877929688,1146.4300537109375,3095,11,48
10549,1041.0,1057.5799560546877,1038.489990234375,1044.4100341796877,1044.4100341796877,1803200,GOOG,2018-11-27,3908.739990234375,71.7699966430664,1149.199951171875,3096,11,48
10550,1048.760009765625,1086.8399658203123,1035.760009765625,1086.22998046875,1086.22998046875,2475400,GOOG,2018-11-28,4015.050048828125,73.76000213623047,1188.7099609375,3097,11,48
10551,1076.0799560546877,1094.2449951171877,1076.0,1088.300048828125,1088.300048828125,1468900,GOOG,2018-11-29,3974.360107421875,73.0199966430664,1177.3699951171875,3098,11,48
10552,1089.0699462890623,1095.5699462890623,1077.8800048828123,1094.4300537109377,1094.4300537109377,2580200,GOOG,2018-11-30,4037.56005859375,74.16000366210938,1189.8800048828125,3099,11,48
10553,1123.1400146484377,1124.6500244140623,1103.6650390625,1106.4300537109377,1106.4300537109377,1991200,GOOG,2018-12-03,4118.10009765625,75.68000030517578,1215.030029296875,3100,12,49
10554,1103.1199951171877,1104.4200439453123,1049.97998046875,1050.8199462890623,1050.8199462890623,2345200,GOOG,2018-12-04,3949.8798828125,72.5999984741211,1168.18994140625,3101,12,49
10555,1034.260009765625,1071.199951171875,1030.77001953125,1068.72998046875,1068.72998046875,2769200,GOOG,2018-12-06,3954.4599609375,72.52999877929688,1170.8800048828125,3103,12,49
10556,1060.010009765625,1075.260009765625,1028.5,1036.5799560546877,1036.5799560546877,2101200,GOOG,2018-12-07,3816.659912109375,70.18000030517578,1129.5899658203125,3104,12,49
10557,1035.050048828125,1048.449951171875,1023.2899780273438,1039.550048828125,1039.550048828125,1807700,GOOG,2018-12-10,3860.06005859375,70.95999908447266,1145.75,3105,12,50
10558,1056.489990234375,1060.5999755859377,1039.8399658203123,1051.75,1051.75,1394700,GOOG,2018-12-11,3878.18994140625,71.30000305175781,1146.760009765625,3106,12,50
10559,1068.0,1081.6500244140623,1062.7900390625,1063.6800537109377,1063.6800537109377,1523800,GOOG,2018-12-12,3930.22998046875,72.25,1155.8399658203125,3107,12,50
10560,1068.0699462890623,1079.760009765625,1053.9300537109377,1061.9000244140623,1061.9000244140623,1329800,GOOG,2018-12-13,3920.610107421875,72.01000213623047,1158.0899658203125,3108,12,50
10561,1049.97998046875,1062.5999755859377,1040.7900390625,1042.0999755859377,1042.0999755859377,1686600,GOOG,2018-12-14,3837.820068359375,70.61000061035156,1129.3499755859375,3109,12,50
10562,1037.510009765625,1053.1500244140623,1007.9000244140624,1016.530029296875,1016.530029296875,2385400,GOOG,2018-12-17,3754.219970703125,69.05999755859375,1104.3499755859377,3110,12,51
10563,1026.0899658203123,1049.47998046875,1021.4400024414062,1028.7099609375,1028.7099609375,2192500,GOOG,2018-12-18,3783.639892578125,69.37000274658203,1113.8800048828123,3111,12,51
10564,1033.989990234375,1062.0,1008.0499877929688,1023.010009765625,1023.010009765625,2479300,GOOG,2018-12-19,3668.3701171875,67.12999725341797,1092.27001953125,3112,12,51
10565,1018.1300048828124,1034.219970703125,996.3599853515624,1009.4099731445312,1009.4099731445312,2673500,GOOG,2018-12-20,3621.35009765625,66.36000061035156,1071.68994140625,3113,12,51
10566,1015.2999877929688,1024.02001953125,973.6900024414062,979.5399780273438,979.5399780273438,4596000,GOOG,2018-12-21,3539.260009765625,64.91000366210939,1039.6700439453123,3114,12,51
10567,973.9000244140624,1003.5399780273438,970.1099853515624,976.219970703125,976.219970703125,1590300,GOOG,2018-12-24,3457.919921875,63.38000106811523,1011.3099975585938,3115,12,52
10568,989.010009765625,1040.0,983.0,1039.4599609375,1039.4599609375,2373300,GOOG,2018-12-26,3649.389892578125,66.87000274658203,1072.489990234375,3117,12,52
10569,1017.1500244140624,1043.8900146484377,997.0,1043.8800048828123,1043.8800048828123,2109800,GOOG,2018-12-27,3684.27001953125,67.55000305175781,1080.760009765625,3118,12,52
10570,1049.6199951171877,1055.56005859375,1033.0999755859377,1037.0799560546877,1037.0799560546877,1414800,GOOG,2018-12-28,3683.93994140625,67.48999786376953,1078.06005859375,3119,12,52
10571,1050.9599609375,1052.699951171875,1023.5900268554688,1035.6099853515623,1035.6099853515623,1493300,GOOG,2018-12-31,3705.780029296875,68.05999755859375,1088.31005859375,3120,12,1
10572,1016.5700073242188,1052.3199462890623,1015.7100219726562,1045.8499755859377,1045.8499755859377,1532600,GOOG,2019-01-02,3728.39990234375,68.41000366210939,1089.0400390625,3122,1,1
10573,1041.0,1056.97998046875,1014.0700073242188,1016.0599975585938,1016.0599975585938,1841100,GOOG,2019-01-03,3547.570068359375,65.06999969482422,1033.8499755859377,3123,1,1
10574,1032.5899658203123,1070.8399658203123,1027.41796875,1070.7099609375,1070.7099609375,2093900,GOOG,2019-01-04,3708.360107421875,67.94000244140625,1079.2900390625,3124,1,1
10575,1071.5,1074.0,1054.760009765625,1068.3900146484377,1068.3900146484377,1981900,GOOG,2019-01-07,3762.77001953125,69.02999877929689,1088.5899658203123,3125,1,2
10576,1076.1099853515623,1084.56005859375,1060.530029296875,1076.280029296875,1076.280029296875,1764900,GOOG,2019-01-08,3780.8701171875,69.36000061035156,1098.3499755859377,3126,1,2
10577,1081.6500244140623,1082.6300048828123,1066.4000244140623,1074.6600341796877,1074.6600341796877,1199300,GOOG,2019-01-09,3851.10009765625,70.62999725341797,1111.9200439453123,3127,1,2
10578,1067.6600341796877,1071.1500244140623,1057.7099609375,1070.3299560546877,1070.3299560546877,1456400,GOOG,2019-01-10,3877.080078125,71.08000183105469,1117.0699462890623,3128,1,2
10579,1063.1800537109377,1063.7750244140623,1048.47998046875,1057.18994140625,1057.18994140625,1520800,GOOG,2019-01-11,3881.489990234375,71.19000244140625,1115.530029296875,3129,1,2
10580,1046.9200439453123,1051.530029296875,1041.2550048828123,1044.68994140625,1044.68994140625,1144300,GOOG,2019-01-14,3828.090087890625,70.30000305175781,1105.31005859375,3130,1,3
10581,1050.1700439453123,1080.050048828125,1047.3399658203123,1077.1500244140623,1077.1500244140623,1463600,GOOG,2019-01-15,3869.5,70.95999908447266,1121.6800537109377,3131,1,3
10582,1080.0,1092.375,1079.3399658203123,1080.969970703125,1080.969970703125,1331800,GOOG,2019-01-16,3858.2900390625,70.77999877929688,1122.199951171875,3132,1,3
10583,1079.469970703125,1091.800048828125,1073.5,1089.9000244140623,1089.9000244140623,1242700,GOOG,2019-01-17,3888.330078125,71.36000061035156,1129.699951171875,3133,1,3
10584,1100.0,1108.35205078125,1090.9000244140623,1098.260009765625,1098.260009765625,1955600,GOOG,2019-01-18,3971.489990234375,72.83000183105469,1146.5699462890625,3134,1,3
10585,1088.0,1091.510009765625,1063.469970703125,1070.52001953125,1070.52001953125,1613500,GOOG,2019-01-22,3874.739990234375,71.16000366210938,1126.3399658203125,3136,1,4
10586,1077.3499755859377,1084.9300537109377,1059.75,1075.5699462890623,1075.5699462890623,967000,GOOG,2019-01-23,3871.6201171875,71.02999877929688,1131.0,3137,1,4
10587,1076.47998046875,1079.4749755859377,1060.699951171875,1073.9000244140623,1073.9000244140623,1361300,GOOG,2019-01-24,3988.800048828125,73.18000030517578,1141.510009765625,3138,1,4
10588,1085.0,1094.0,1081.8199462890623,1090.989990234375,1090.989990234375,1119100,GOOG,2019-01-25,4083.360107421875,74.87999725341797,1158.0400390625,3139,1,4
10589,1080.1099853515623,1083.0,1063.800048828125,1070.0799560546877,1070.0799560546877,1284300,GOOG,2019-01-28,4034.1201171875,73.97000122070312,1141.8299560546875,3140,1,5
10590,1072.6800537109377,1075.1500244140623,1055.864990234375,1060.6199951171877,1060.6199951171877,1021800,GOOG,2019-01-29,3984.469970703125,73.08999633789062,1130.300048828125,3141,1,5
10591,1068.4300537109377,1091.0,1066.8499755859377,1089.06005859375,1089.06005859375,1279800,GOOG,2019-01-30,4099.41015625,75.2300033569336,1164.510009765625,3142,1,5
10592,1103.0,1117.3299560546877,1095.4100341796877,1116.3699951171877,1116.3699951171877,1538300,GOOG,2019-01-31,4139.60986328125,75.94999694824219,1163.1600341796875,3143,1,5
10593,1112.4000244140623,1125.0,1104.8900146484377,1110.75,1110.75,1462200,GOOG,2019-02-01,4186.3798828125,76.7699966430664,1170.199951171875,3144,2,5
10594,1112.6600341796877,1132.800048828125,1109.02001953125,1132.800048828125,1132.800048828125,2576500,GOOG,2019-02-04,4230.16015625,77.58000183105469,1188.9300537109375,3145,2,6
10595,1124.8399658203123,1146.8499755859375,1117.248046875,1145.989990234375,1145.989990234375,3552200,GOOG,2019-02-05,4253.31005859375,78.04000091552734,1199.449951171875,3146,2,6
10596,1139.5699462890625,1147.0,1112.77001953125,1115.22998046875,1115.22998046875,2105600,GOOG,2019-02-06,4311.669921875,79.11000061035156,1202.3499755859375,3147,2,6
10597,1104.1600341796877,1104.8399658203123,1086.0,1098.7099609375,1098.7099609375,2044800,GOOG,2019-02-07,4234.68017578125,77.6500015258789,1185.0400390625,3148,2,6
10598,1087.0,1098.9100341796877,1086.550048828125,1095.06005859375,1095.06005859375,1075800,GOOG,2019-02-08,4245.759765625,77.80999755859375,1190.8499755859375,3149,2,6
10599,1096.949951171875,1105.9449462890623,1092.8599853515623,1095.010009765625,1095.010009765625,1065200,GOOG,2019-02-11,4248.1298828125,77.94999694824219,1190.9000244140625,3150,2,7
10600,1106.800048828125,1125.2950439453123,1105.8499755859377,1121.3699951171877,1121.3699951171877,1609100,GOOG,2019-02-12,4331.43994140625,79.43000030517578,1207.1300048828125,3151,2,7
10601,1124.989990234375,1134.72998046875,1118.5,1120.1600341796877,1120.1600341796877,1049800,GOOG,2019-02-13,4326.31982421875,79.36000061035156,1208.81005859375,3152,2,7
10602,1118.050048828125,1128.22998046875,1110.4449462890623,1121.6700439453123,1121.6700439453123,947600,GOOG,2019-02-14,4334.16015625,79.55999755859375,1210.2900390625,3153,2,7
10603,1130.0799560546875,1131.6700439453125,1110.6500244140623,1113.6500244140623,1113.6500244140623,1449800,GOOG,2019-02-15,4347.419921875,79.76000213623047,1219.8599853515625,3154,2,7
10604,1110.0,1121.8900146484377,1110.0,1118.56005859375,1118.56005859375,1046400,GOOG,2019-02-19,4345.75,79.77999877929688,1220.06005859375,3156,2,8
10605,1119.989990234375,1123.4100341796877,1105.280029296875,1113.800048828125,1113.800048828125,1087800,GOOG,2019-02-20,4364.18994140625,80.02999877929688,1220.550048828125,3157,2,8
10606,1110.8399658203123,1111.93994140625,1092.52001953125,1096.969970703125,1096.969970703125,1415100,GOOG,2019-02-21,4334.60009765625,79.55000305175781,1221.1600341796875,3158,2,8
10607,1100.9000244140623,1111.239990234375,1095.5999755859377,1110.3699951171877,1110.3699951171877,1049500,GOOG,2019-02-22,4394.52978515625,80.62000274658203,1236.8699951171875,3159,2,8
10608,1116.0,1118.5400390625,1107.27001953125,1109.4000244140623,1109.4000244140623,1413100,GOOG,2019-02-25,4421.990234375,81.16999816894531,1242.989990234375,3160,2,9
10609,1105.75,1119.510009765625,1099.9200439453123,1115.1300048828123,1115.1300048828123,1471300,GOOG,2019-02-26,4406.759765625,80.86000061035156,1245.449951171875,3161,2,9
10610,1106.949951171875,1117.97998046875,1101.0,1116.050048828125,1116.050048828125,968400,GOOG,2019-02-27,4373.68017578125,80.26000213623047,1244.1700439453125,3162,2,9
10611,1111.300048828125,1127.6500244140625,1111.010009765625,1119.9200439453123,1119.9200439453123,1542500,GOOG,2019-02-28,4368.14013671875,80.12000274658203,1240.22998046875,3163,2,9
10612,1124.9000244140623,1142.969970703125,1124.75,1140.989990234375,1140.989990234375,1450300,GOOG,2019-03-01,4396.08984375,80.7300033569336,1249.02001953125,3164,3,9
10613,1146.989990234375,1158.280029296875,1130.68994140625,1147.800048828125,1147.800048828125,1446000,GOOG,2019-03-04,4380.22998046875,80.4000015258789,1244.1500244140625,3165,3,10
10614,1150.06005859375,1169.6099853515625,1146.1949462890625,1162.030029296875,1162.030029296875,1443200,GOOG,2019-03-05,4373.5400390625,80.33999633789062,1240.550048828125,3166,3,10
10615,1162.489990234375,1167.5660400390625,1155.489990234375,1157.8599853515625,1157.8599853515625,1099300,GOOG,2019-03-06,4325.580078125,79.41999816894531,1233.760009765625,3167,3,10
10616,1155.719970703125,1156.7550048828125,1134.9100341796875,1143.300048828125,1143.300048828125,1166600,GOOG,2019-03-07,4285.85986328125,78.72000122070312,1222.4000244140625,3168,3,10
10617,1126.72998046875,1147.0799560546875,1123.300048828125,1142.3199462890625,1142.3199462890625,1212400,GOOG,2019-03-08,4284.47021484375,78.63999938964844,1222.0899658203125,3169,3,10
10618,1144.449951171875,1176.18994140625,1144.449951171875,1175.760009765625,1175.760009765625,1719200,GOOG,2019-03-11,4376.240234375,80.31999969482422,1248.5799560546875,3170,3,11
10619,1178.260009765625,1200.0,1178.260009765625,1193.199951171875,1193.199951171875,2013100,GOOG,2019-03-12,4395.8701171875,80.77999877929688,1248.5799560546875,3171,3,11
10620,1200.64501953125,1200.9300537109375,1191.93994140625,1193.3199462890625,1193.3199462890625,1435900,GOOG,2019-03-13,4410.75,80.94999694824219,1263.6700439453125,3172,3,11
10621,1194.510009765625,1197.8800048828125,1184.47998046875,1185.550048828125,1185.550048828125,1172800,GOOG,2019-03-14,4404.8701171875,80.9000015258789,1266.239990234375,3173,3,11
10622,1193.3800048828125,1196.5699462890625,1182.6099853515625,1184.4599609375,1184.4599609375,2461800,GOOG,2019-03-15,4470.3798828125,82.08999633789062,1281.6400146484375,3174,3,11
10623,1183.300048828125,1190.0,1177.4210205078125,1184.260009765625,1184.260009765625,1292600,GOOG,2019-03-18,4464.080078125,81.9800033569336,1286.8699951171875,3175,3,12
10624,1188.81005859375,1200.0,1185.8699951171875,1198.8499755859375,1198.8499755859375,1520700,GOOG,2019-03-19,4499.18017578125,82.63999938964844,1289.449951171875,3176,3,12
10625,1197.3499755859375,1227.1400146484375,1196.1700439453125,1223.969970703125,1223.969970703125,2227400,GOOG,2019-03-20,4477.02978515625,82.2699966430664,1285.9000244140625,3177,3,12
10626,1216.0,1231.7900390625,1213.1500244140625,1231.5400390625,1231.5400390625,1204000,GOOG,2019-03-21,4606.490234375,84.4800033569336,1317.6800537109375,3178,3,12
10627,1226.3199462890625,1230.0,1202.824951171875,1205.5,1205.5,1714200,GOOG,2019-03-22,4479.02001953125,82.19000244140625,1286.77001953125,3179,3,12
10628,1196.9300537109375,1206.39794921875,1187.0400390625,1193.0,1193.0,1496800,GOOG,2019-03-25,4451.759765625,81.62000274658203,1281.6600341796875,3180,3,13
10629,1198.530029296875,1202.8299560546875,1176.719970703125,1184.6199951171875,1184.6199951171875,1901200,GOOG,2019-03-26,4481.2001953125,82.18000030517578,1288.8199462890625,3181,3,13
10630,1185.5,1187.5589599609375,1159.3699951171875,1173.02001953125,1173.02001953125,1400200,GOOG,2019-03-27,4422.85009765625,81.06999969482422,1281.780029296875,3182,3,13
10631,1171.5400390625,1171.56494140625,1159.4310302734375,1168.489990234375,1168.489990234375,961700,GOOG,2019-03-28,4427.830078125,81.22000122070312,1286.5899658203125,3183,3,13
10632,1174.9000244140625,1178.989990234375,1162.8800048828125,1173.31005859375,1173.31005859375,1269900,GOOG,2019-03-29,4493.18994140625,82.37000274658203,1299.1600341796875,3184,3,13
10633,1184.0999755859375,1196.6600341796875,1182.0,1194.4300537109375,1194.4300537109375,1252500,GOOG,2019-04-01,4594.97998046875,84.30000305175781,1317.4000244140625,3185,4,14
10634,1195.3199462890625,1201.3499755859375,1185.7099609375,1200.489990234375,1200.489990234375,827900,GOOG,2019-04-02,4610.919921875,84.58999633789062,1321.3900146484375,3186,4,14
10635,1207.47998046875,1216.300048828125,1200.5,1205.9200439453125,1205.9200439453125,1014300,GOOG,2019-04-03,4688.7099609375,85.98999786376953,1332.3900146484375,3187,4,14
10636,1205.93994140625,1215.6700439453125,1204.1300048828125,1215.0,1215.0,950000,GOOG,2019-04-04,4665.77001953125,85.58000183105469,1326.56005859375,3188,4,14
10637,1214.989990234375,1216.219970703125,1205.030029296875,1207.1500244140625,1207.1500244140625,907200,GOOG,2019-04-05,4701.33984375,86.2300033569336,1332.219970703125,3189,4,14
10638,1207.8900146484375,1208.68994140625,1199.8599853515625,1203.8399658203125,1203.8399658203125,860200,GOOG,2019-04-08,4717.31982421875,86.51000213623047,1337.6300048828125,3190,4,15
10639,1196.0,1202.2900390625,1193.0799560546875,1197.25,1197.25,876400,GOOG,2019-04-09,4691.02978515625,86.13999938964844,1330.6400146484375,3191,4,15
10640,1200.6800537109375,1203.7850341796875,1196.43505859375,1202.1600341796875,1202.1600341796875,724600,GOOG,2019-04-10,4722.580078125,86.6500015258789,1340.0,3192,4,15
10641,1203.9599609375,1207.9599609375,1200.1300048828125,1204.6199951171875,1204.6199951171875,710200,GOOG,2019-04-11,4719.14013671875,86.54000091552734,1338.3399658203125,3193,4,15
10642,1210.0,1218.3499755859375,1208.1099853515625,1217.8699951171875,1217.8699951171875,933400,GOOG,2019-04-12,4766.14013671875,87.47000122070312,1347.6199951171875,3194,4,15
10643,1218.0,1224.199951171875,1209.1099853515625,1221.0999755859375,1221.0999755859375,1187400,GOOG,2019-04-15,4749.89990234375,87.16999816894531,1347.1199951171875,3195,4,16
10644,1225.0,1230.8199462890625,1220.1199951171875,1227.1300048828125,1227.1300048828125,856300,GOOG,2019-04-16,4809.7998046875,88.20999908447266,1353.6700439453125,3196,4,16
10645,1233.0,1240.56005859375,1227.8199462890625,1236.3399658203125,1236.3399658203125,1221900,GOOG,2019-04-17,4820.60009765625,88.48999786376953,1361.530029296875,3197,4,16
10646,1239.1800537109375,1242.0,1234.6099853515625,1236.3699951171875,1236.3699951171875,1331800,GOOG,2019-04-18,4813.080078125,88.31999969482422,1365.3800048828125,3198,4,16
10647,1235.989990234375,1249.0899658203125,1228.31005859375,1248.8399658203125,1248.8399658203125,807300,GOOG,2019-04-22,4814.43994140625,88.37000274658203,1368.47998046875,3200,4,17
10648,1250.68994140625,1269.0,1246.3800048828125,1264.550048828125,1264.550048828125,1319900,GOOG,2019-04-23,4871.509765625,89.37000274658203,1383.9100341796875,3201,4,17
10649,1264.1199951171875,1268.010009765625,1255.0,1256.0,1256.0,1018800,GOOG,2019-04-24,4880.47998046875,89.58999633789062,1383.800048828125,3202,4,17
10650,1264.77001953125,1267.407958984375,1252.030029296875,1263.449951171875,1263.449951171875,1107300,GOOG,2019-04-25,4848.490234375,88.97000122070312,1383.780029296875,3203,4,17
10651,1269.0,1273.0699462890625,1260.3199462890625,1272.1800537109375,1272.1800537109375,1241400,GOOG,2019-04-26,4844.759765625,88.8499984741211,1378.9000244140625,3204,4,17
10652,1274.0,1289.27001953125,1266.2950439453125,1287.5799560546875,1287.5799560546875,2499400,GOOG,2019-04-29,4843.08984375,88.86000061035156,1378.8199462890625,3205,4,18
10653,1185.0,1192.81005859375,1175.0,1188.47998046875,1188.47998046875,6207000,GOOG,2019-04-30,4867.4501953125,89.33000183105469,1381.760009765625,3206,4,18
10654,1188.050048828125,1188.050048828125,1167.1800537109375,1168.0799560546875,1168.0799560546875,2639200,GOOG,2019-05-01,4822.669921875,88.5,1378.010009765625,3207,5,18
10655,1167.760009765625,1174.18994140625,1155.001953125,1162.6099853515625,1162.6099853515625,1944800,GOOG,2019-05-02,4832.0,88.66000366210938,1370.5799560546875,3208,5,18
10656,1173.6500244140625,1186.800048828125,1169.0,1185.4000244140625,1185.4000244140625,1980700,GOOG,2019-05-03,4862.3798828125,89.23999786376953,1383.550048828125,3209,5,18
10657,1166.260009765625,1190.8499755859375,1166.260009765625,1189.3900146484375,1189.3900146484375,1563900,GOOG,2019-05-06,4802.2001953125,88.08999633789062,1372.25,3210,5,19
10658,1180.469970703125,1190.43994140625,1161.0400390625,1174.0999755859375,1174.0999755859375,1551400,GOOG,2019-05-07,4681.5,85.91000366210938,1343.2099609375,3211,5,19
10659,1172.010009765625,1180.4239501953125,1165.739990234375,1166.27001953125,1166.27001953125,1309300,GOOG,2019-05-08,4659.4501953125,85.5199966430664,1340.9599609375,3212,5,19
10660,1159.030029296875,1169.6600341796875,1150.8499755859375,1162.3800048828125,1162.3800048828125,1185700,GOOG,2019-05-09,4631.5,84.95999908447266,1331.8499755859375,3213,5,19
10661,1163.5899658203125,1172.5999755859375,1142.5,1164.27001953125,1164.27001953125,1314500,GOOG,2019-05-10,4630.47998046875,84.94000244140625,1334.22998046875,3214,5,19
10662,1141.9599609375,1147.93994140625,1122.1099853515623,1132.030029296875,1132.030029296875,1860600,GOOG,2019-05-13,4434.77001953125,81.44000244140625,1284.719970703125,3215,5,20
10663,1137.2099609375,1140.4200439453125,1119.550048828125,1120.43994140625,1120.43994140625,1836600,GOOG,2019-05-14,4521.759765625,83.0,1305.260009765625,3216,5,20
10664,1117.8699951171877,1171.3299560546875,1116.666015625,1164.2099609375,1164.2099609375,2289300,GOOG,2019-05-15,4574.64990234375,84.01000213623047,1318.0999755859375,3217,5,20
10665,1164.510009765625,1188.1600341796875,1162.8399658203125,1178.97998046875,1178.97998046875,1531400,GOOG,2019-05-16,4586.10986328125,84.16000366210938,1331.1199951171875,3218,5,20
10666,1168.469970703125,1180.1500244140625,1160.010009765625,1162.300048828125,1162.300048828125,1208600,GOOG,2019-05-17,4511.41015625,82.83000183105469,1320.18994140625,3219,5,20
10667,1144.5,1146.7969970703125,1131.4429931640625,1138.8499755859375,1138.8499755859375,1353300,GOOG,2019-05-20,4380.02001953125,80.47000122070312,1297.1500244140625,3220,5,21
10668,1148.489990234375,1152.7080078125,1137.93994140625,1149.6300048828125,1149.6300048828125,1159800,GOOG,2019-05-21,4459.25,81.86000061035156,1312.68994140625,3221,5,21
10669,1146.75,1158.52001953125,1145.8900146484375,1151.4200439453125,1151.4200439453125,914500,GOOG,2019-05-22,4415.93017578125,81.12999725341797,1305.25,3222,5,21
10670,1140.5,1145.9730224609375,1129.2239990234375,1140.77001953125,1140.77001953125,1198900,GOOG,2019-05-23,4337.080078125,79.61000061035156,1282.68994140625,3223,5,21
10671,1147.3599853515625,1149.7650146484375,1131.6600341796875,1133.469970703125,1133.469970703125,1112000,GOOG,2019-05-24,4326.56982421875,79.41999816894531,1283.3199462890625,3224,5,21
10672,1134.0,1151.5870361328125,1133.1199951171875,1134.1500244140625,1134.1500244140625,1365000,GOOG,2019-05-28,4307.41015625,79.13999938964844,1279.0799560546875,3226,5,22
10673,1127.52001953125,1129.0999755859375,1108.219970703125,1116.4599609375,1116.4599609375,1538200,GOOG,2019-05-29,4283.2099609375,78.69999694824219,1271.43994140625,3227,5,22
10674,1115.5400390625,1123.1300048828123,1112.1199951171877,1117.949951171875,1117.949951171875,951900,GOOG,2019-05-30,4307.41015625,79.06999969482422,1279.0899658203125,3228,5,22
10675,1101.2900390625,1109.5999755859377,1100.1800537109377,1103.6300048828123,1103.6300048828123,1507800,GOOG,2019-05-31,4237.27978515625,77.8499984741211,1258.5999755859375,3229,5,22
10676,1065.5,1065.5,1025.0,1036.22998046875,1036.22998046875,5130600,GOOG,2019-06-03,4170.02001953125,76.5199966430664,1236.489990234375,3230,6,23
10677,1042.9000244140623,1056.050048828125,1033.68994140625,1053.050048828125,1053.050048828125,2833500,GOOG,2019-06-04,4320.97998046875,79.33000183105469,1276.8499755859375,3231,6,23
10678,1051.5400390625,1053.550048828125,1030.489990234375,1042.219970703125,1042.219970703125,2168400,GOOG,2019-06-05,4329.2099609375,79.5,1294.43994140625,3232,6,23
10679,1044.989990234375,1047.489990234375,1033.699951171875,1044.3399658203123,1044.3399658203123,1703200,GOOG,2019-06-06,4375.4501953125,80.36000061035156,1308.5,3233,6,23
10680,1050.6300048828123,1070.9200439453123,1048.4000244140623,1066.0400390625,1066.0400390625,1802400,GOOG,2019-06-07,4435.7998046875,81.5199966430664,1333.68994140625,3234,6,23
10681,1072.97998046875,1092.6600341796877,1072.322021484375,1080.3800048828123,1080.3800048828123,1464200,GOOG,2019-06-10,4515.8798828125,83.04000091552734,1346.780029296875,3235,6,24
10682,1093.97998046875,1101.989990234375,1077.60302734375,1078.719970703125,1078.719970703125,1436700,GOOG,2019-06-11,4517.509765625,83.01000213623047,1347.030029296875,3236,6,24
10683,1078.0,1080.9300537109377,1067.5400390625,1077.030029296875,1077.030029296875,1061000,GOOG,2019-06-12,4460.169921875,81.91000366210938,1339.260009765625,3237,6,24
10684,1083.6400146484377,1094.1700439453123,1080.1500244140623,1088.77001953125,1088.77001953125,1057700,GOOG,2019-06-13,4475.3798828125,82.16000366210938,1342.18994140625,3238,6,24
10685,1086.4200439453123,1092.68994140625,1080.1719970703123,1085.3499755859377,1085.3499755859377,1111500,GOOG,2019-06-14,4408.85986328125,80.87000274658203,1331.0699462890625,3239,6,24
10686,1086.280029296875,1099.1800537109377,1086.280029296875,1092.5,1092.5,941600,GOOG,2019-06-17,4399.39990234375,80.66999816894531,1333.280029296875,3240,6,25
10687,1109.68994140625,1116.3900146484377,1098.989990234375,1103.5999755859377,1103.5999755859377,1386700,GOOG,2019-06-18,4517.64013671875,82.94000244140625,1356.18994140625,3241,6,25
10688,1105.5999755859377,1107.0,1093.47998046875,1102.3299560546877,1102.3299560546877,1338800,GOOG,2019-06-19,4546.3798828125,83.45999908447266,1362.0899658203125,3242,6,25
10689,1119.989990234375,1120.1199951171877,1104.739990234375,1111.4200439453123,1111.4200439453123,1262000,GOOG,2019-06-20,4605.66015625,84.54000091552734,1381.5899658203125,3243,6,25
10690,1109.239990234375,1124.1099853515623,1108.0799560546877,1121.8800048828123,1121.8800048828123,1947600,GOOG,2019-06-21,4582.6298828125,84.06999969482422,1375.25,3244,6,25
10691,1119.6099853515623,1122.0,1111.010009765625,1115.52001953125,1115.52001953125,1395600,GOOG,2019-06-24,4581.64013671875,84.13999938964844,1377.3299560546875,3245,6,26
10692,1112.6600341796877,1114.3499755859377,1083.800048828125,1086.3499755859377,1086.3499755859377,1546900,GOOG,2019-06-25,4502.1298828125,82.66999816894531,1352.02001953125,3246,6,26
10693,1086.5,1092.969970703125,1072.239990234375,1079.800048828125,1079.800048828125,1810900,GOOG,2019-06-26,4585.47021484375,84.19000244140625,1366.800048828125,3247,6,26
10694,1084.0,1087.0999755859377,1075.2900390625,1076.010009765625,1076.010009765625,1004300,GOOG,2019-06-27,4635.10009765625,85.12000274658203,1370.5999755859375,3248,6,26
10695,1076.3900146484377,1081.0,1073.3699951171877,1080.9100341796877,1080.9100341796877,1693200,GOOG,2019-06-28,4660.72021484375,85.48999786376953,1372.56005859375,3249,6,26
10696,1098.0,1107.5799560546877,1093.7030029296877,1097.949951171875,1097.949951171875,1436300,GOOG,2019-07-01,4766.31005859375,87.44000244140625,1372.56005859375,3250,7,27
10697,1102.239990234375,1111.77001953125,1098.1700439453123,1111.25,1111.25,991600,GOOG,2019-07-02,4747.9599609375,87.16999816894531,1372.56005859375,3251,7,27
10698,1117.4100341796877,1126.760009765625,1113.8599853515623,1121.5799560546877,1121.5799560546877,767000,GOOG,2019-07-03,4768.47998046875,87.62999725341797,1372.56005859375,3252,7,27
10699,1117.800048828125,1132.8800048828125,1116.1400146484377,1131.5899658203125,1131.5899658203125,1264300,GOOG,2019-07-05,4757.68017578125,87.36000061035156,1403.1700439453125,3254,7,27
10700,1125.1700439453123,1125.97998046875,1111.2099609375,1116.3499755859377,1116.3499755859377,1236400,GOOG,2019-07-08,4734.41015625,86.94000244140625,1392.9200439453125,3255,7,28
10701,1111.800048828125,1128.0250244140625,1107.1700439453123,1124.8299560546877,1124.8299560546877,1330400,GOOG,2019-07-09,4767.52001953125,87.56999969482422,1397.300048828125,3256,7,28
10702,1131.219970703125,1142.050048828125,1130.969970703125,1140.47998046875,1140.47998046875,1209500,GOOG,2019-07-10,4812.35009765625,88.3499984741211,1408.510009765625,3257,7,28
10703,1143.25,1153.0699462890625,1139.5799560546875,1144.2099609375,1144.2099609375,1195500,GOOG,2019-07-11,4823.990234375,88.54000091552734,1413.280029296875,3258,7,28
10704,1143.989990234375,1147.3399658203125,1138.780029296875,1144.9000244140625,1144.9000244140625,864000,GOOG,2019-07-12,4879.64990234375,89.55000305175781,1424.52001953125,3259,7,28
10705,1146.8599853515625,1150.8199462890625,1139.4000244140625,1150.3399658203125,1150.3399658203125,903800,GOOG,2019-07-15,4876.39013671875,89.5,1428.7900390625,3260,7,29
10706,1146.0,1158.5799560546875,1145.0,1153.5799560546875,1153.5799560546875,1238800,GOOG,2019-07-16,4822.5,88.55000305175781,1415.800048828125,3261,7,29
10707,1150.969970703125,1158.3599853515625,1145.77001953125,1146.3499755859375,1146.3499755859375,1170000,GOOG,2019-07-17,4820.14990234375,88.52999877929688,1411.6500244140625,3262,7,29
10708,1141.739990234375,1147.60498046875,1132.72998046875,1146.3299560546875,1146.3299560546875,1290700,GOOG,2019-07-18,4868.72998046875,89.31999969482422,1423.02001953125,3263,7,29
10709,1148.18994140625,1151.1400146484375,1129.6199951171875,1130.0999755859375,1130.0999755859375,1647200,GOOG,2019-07-19,4836.330078125,88.83999633789062,1415.1400146484375,3264,7,29
10710,1133.449951171875,1139.25,1124.239990234375,1138.0699462890625,1138.0699462890625,1301500,GOOG,2019-07-22,4906.490234375,90.06999969482422,1432.43994140625,3265,7,30
10711,1144.0,1146.9000244140625,1131.800048828125,1146.2099609375,1146.2099609375,1093700,GOOG,2019-07-23,4948.6201171875,90.77999877929688,1440.3900146484375,3266,7,30
10712,1131.9000244140625,1144.0,1126.989990234375,1137.81005859375,1137.81005859375,1589800,GOOG,2019-07-24,5026.64990234375,92.25,1452.75,3267,7,30
10713,1137.8199462890625,1141.699951171875,1120.9200439453123,1132.1199951171875,1132.1199951171875,2209800,GOOG,2019-07-25,4961.35986328125,91.06999969482422,1441.260009765625,3268,7,30
10714,1224.0400390625,1265.550048828125,1224.0,1250.4100341796875,1250.4100341796875,4805800,GOOG,2019-07-26,4971.759765625,91.3000030517578,1449.31005859375,3269,7,30
10715,1241.050048828125,1247.3699951171875,1228.22998046875,1239.4100341796875,1239.4100341796875,2223700,GOOG,2019-07-29,4952.9599609375,90.87999725341795,1448.5799560546875,3270,7,31
10716,1225.4100341796875,1234.8699951171875,1223.300048828125,1225.1400146484375,1225.1400146484375,1453300,GOOG,2019-07-30,4937.58984375,90.69000244140624,1438.47998046875,3271,7,31
10717,1223.0,1234.0,1207.7640380859375,1216.6800537109375,1216.6800537109375,1725500,GOOG,2019-07-31,4811.68994140625,88.29000091552734,1417.3499755859375,3272,7,31
10718,1214.030029296875,1234.1099853515625,1205.719970703125,1209.010009765625,1209.010009765625,1698500,GOOG,2019-08-01,4762.81005859375,87.45999908447266,1409.780029296875,3273,8,31
10719,1200.739990234375,1206.9000244140625,1188.93994140625,1193.989990234375,1193.989990234375,1645100,GOOG,2019-08-02,4655.56005859375,85.44000244140625,1386.0699462890625,3274,8,31
10720,1170.0400390625,1175.239990234375,1140.1400146484375,1152.3199462890625,1152.3199462890625,2597500,GOOG,2019-08-05,4469.97021484375,82.0199966430664,1329.6800537109375,3275,8,32
10721,1163.31005859375,1179.9599609375,1160.0,1169.949951171875,1169.949951171875,1709400,GOOG,2019-08-06,4531.81005859375,83.16999816894531,1351.0699462890625,3276,8,32
10722,1156.0,1178.4449462890625,1149.6240234375,1173.989990234375,1173.989990234375,1444300,GOOG,2019-08-07,4550.56005859375,83.54000091552734,1359.699951171875,3277,8,32
10723,1182.8299560546875,1205.010009765625,1173.02001953125,1204.800048828125,1204.800048828125,1468000,GOOG,2019-08-08,4697.93017578125,86.25,1392.1700439453125,3278,8,32
10724,1197.989990234375,1203.8800048828125,1183.60302734375,1188.010009765625,1188.010009765625,1065700,GOOG,2019-08-09,4632.22021484375,85.02999877929688,1374.8199462890625,3279,8,32
10725,1179.2099609375,1184.9599609375,1167.6719970703125,1174.7099609375,1174.7099609375,1003000,GOOG,2019-08-12,4563.8798828125,83.75,1357.550048828125,3280,8,33
10726,1171.4599609375,1204.780029296875,1171.4599609375,1197.27001953125,1197.27001953125,1294400,GOOG,2019-08-13,4691.08984375,86.0999984741211,1391.0899658203125,3281,8,33
10727,1176.31005859375,1182.300048828125,1160.5400390625,1164.2900390625,1164.2900390625,1578700,GOOG,2019-08-14,4545.6201171875,83.51000213623047,1347.8499755859375,3282,8,33
10728,1163.5,1175.8399658203125,1162.1099853515625,1167.260009765625,1167.260009765625,1218700,GOOG,2019-08-15,4532.77978515625,83.22000122070312,1345.3399658203125,3283,8,33
10729,1179.550048828125,1182.719970703125,1171.81005859375,1177.5999755859375,1177.5999755859375,1313300,GOOG,2019-08-16,4623.81005859375,84.83999633789062,1370.6199951171875,3284,8,33
10730,1190.0899658203125,1206.989990234375,1190.0899658203125,1198.449951171875,1198.449951171875,1231600,GOOG,2019-08-19,4700.18017578125,86.29000091552734,1391.949951171875,3285,8,34
10731,1195.25,1196.06005859375,1182.1099853515625,1182.68994140625,1182.68994140625,915500,GOOG,2019-08-20,4665.58984375,85.69999694824219,1384.6199951171875,3286,8,34
10732,1193.1500244140625,1199.0,1187.4300537109375,1191.25,1191.25,740700,GOOG,2019-08-21,4707.47998046875,86.41000366210938,1400.949951171875,3287,8,34
10733,1194.0699462890625,1198.011962890625,1178.5799560546875,1189.530029296875,1189.530029296875,947500,GOOG,2019-08-22,4704.5,86.44000244140625,1397.2900390625,3288,8,34
10734,1181.989990234375,1194.0799560546875,1147.75,1151.2900390625,1151.2900390625,1687000,GOOG,2019-08-23,4544.77001953125,83.55999755859375,1351.1099853515625,3289,8,34
10735,1157.260009765625,1169.469970703125,1152.9599609375,1168.8900146484375,1168.8900146484375,1226100,GOOG,2019-08-26,4595.85986328125,84.41000366210938,1369.949951171875,3290,8,35
10736,1180.530029296875,1182.4000244140625,1161.449951171875,1167.8399658203125,1167.8399658203125,1077200,GOOG,2019-08-27,4581.85009765625,84.19000244140625,1368.1199951171875,3291,8,35
10737,1161.7099609375,1176.4200439453125,1157.300048828125,1171.02001953125,1171.02001953125,802000,GOOG,2019-08-28,4586.7900390625,84.23999786376953,1369.4200439453125,3292,8,35
10738,1181.1199951171875,1196.06005859375,1181.1199951171875,1192.8499755859375,1192.8499755859375,1088400,GOOG,2019-08-29,4678.0400390625,85.91999816894531,1393.0699462890625,3293,8,35
10739,1198.5,1198.5,1183.802978515625,1188.0999755859375,1188.0999755859375,1129800,GOOG,2019-08-30,4693.41015625,86.16999816894531,1393.25,3294,8,35
10740,1177.030029296875,1186.8900146484375,1163.199951171875,1168.3900146484375,1168.3900146484375,1479900,GOOG,2019-09-03,4636.64013671875,85.18000030517578,1375.6500244140625,3296,9,36
10741,1176.7099609375,1183.47998046875,1171.0,1181.4100341796875,1181.4100341796875,1068900,GOOG,2019-09-04,4728.990234375,86.8499984741211,1399.1600341796875,3297,9,36
10742,1191.530029296875,1213.0400390625,1191.530029296875,1211.3800048828125,1211.3800048828125,1408100,GOOG,2019-09-05,4850.0498046875,89.13999938964844,1428.9300537109375,3298,9,36
10743,1208.1300048828125,1212.0150146484375,1202.52197265625,1204.9300537109375,1204.9300537109375,1072100,GOOG,2019-09-06,4853.43994140625,89.25,1426.760009765625,3299,9,36
10744,1204.0,1220.0,1192.6199951171875,1204.4100341796875,1204.4100341796875,1471900,GOOG,2019-09-09,4857.64990234375,89.2699966430664,1416.489990234375,3300,9,37
10745,1195.1500244140625,1210.0,1194.5799560546875,1206.0,1206.0,1260100,GOOG,2019-09-10,4852.830078125,89.11000061035156,1409.530029296875,3301,9,37
10746,1203.4100341796875,1222.5999755859375,1202.199951171875,1220.1700439453125,1220.1700439453125,1307000,GOOG,2019-09-11,4914.33984375,90.37000274658205,1423.77001953125,3302,9,37
10747,1224.300048828125,1241.8599853515625,1223.02001953125,1234.25,1234.25,1725900,GOOG,2019-09-12,4919.5400390625,90.41000366210938,1430.8599853515625,3303,9,37
10748,1231.3499755859375,1240.8800048828125,1227.010009765625,1239.56005859375,1239.56005859375,1301400,GOOG,2019-09-13,4901.77001953125,90.06999969482422,1421.260009765625,3304,9,37
10749,1229.52001953125,1239.56005859375,1225.6099853515625,1231.300048828125,1231.300048828125,1053300,GOOG,2019-09-16,4880.33984375,89.69000244140625,1417.4000244140625,3305,9,38
10750,1230.4000244140625,1235.0,1223.68994140625,1229.1500244140625,1229.1500244140625,955100,GOOG,2019-09-17,4898.8798828125,90.01000213623047,1422.3399658203125,3306,9,38
10751,1227.510009765625,1235.6099853515625,1216.530029296875,1232.4100341796875,1232.4100341796875,1135100,GOOG,2019-09-18,4895.1201171875,90.0199966430664,1423.27001953125,3307,9,38
10752,1232.06005859375,1244.43994140625,1232.02001953125,1238.7099609375,1238.7099609375,996000,GOOG,2019-09-19,4877.919921875,89.5999984741211,1426.300048828125,3308,9,38
10753,1233.1199951171875,1243.3199462890625,1223.0799560546875,1229.9300537109375,1229.9300537109375,2270000,GOOG,2019-09-20,4817.56982421875,88.44000244140625,1410.3399658203125,3309,9,38
10754,1226.0,1239.0899658203125,1224.1700439453125,1234.030029296875,1234.030029296875,1062400,GOOG,2019-09-23,4830.1298828125,88.8499984741211,1413.5699462890625,3310,9,39
10755,1240.0,1246.739990234375,1210.6800537109375,1218.760009765625,1218.760009765625,1583200,GOOG,2019-09-24,4747.31005859375,87.2699966430664,1399.0799560546875,3311,9,39
10756,1215.8199462890625,1248.300048828125,1210.0899658203125,1246.52001953125,1246.52001953125,1453000,GOOG,2019-09-25,4822.60986328125,88.4000015258789,1416.4200439453125,3312,9,39
10757,1241.9599609375,1245.0,1232.2679443359375,1241.3900146484375,1241.3900146484375,1538000,GOOG,2019-09-26,4836.169921875,88.76000213623047,1416.97998046875,3313,9,39
10758,1243.010009765625,1244.02001953125,1214.449951171875,1225.0899658203125,1225.0899658203125,1353900,GOOG,2019-09-27,4731.77001953125,86.73999786376953,1398.8199462890625,3314,9,39
10759,1220.969970703125,1226.0,1212.300048828125,1219.0,1219.0,1404100,GOOG,2019-09-30,4771.68017578125,87.52999877929688,1413.3599853515625,3315,9,40
10760,1219.0,1231.22998046875,1203.5799560546875,1205.0999755859375,1205.0999755859375,1273500,GOOG,2019-10-01,4719.830078125,86.61000061035156,1401.3399658203125,3316,10,40
10761,1196.97998046875,1196.97998046875,1171.2900390625,1176.6300048828125,1176.6300048828125,1615100,GOOG,2019-10-02,4646.22021484375,85.27999877929688,1373.6199951171875,3317,10,40
10762,1180.0,1189.06005859375,1162.4300537109375,1187.8299560546875,1187.8299560546875,1621200,GOOG,2019-10-03,4711.68994140625,86.54000091552734,1390.6099853515625,3318,10,40
10763,1191.8900146484375,1211.43994140625,1189.1700439453125,1209.0,1209.0,1162400,GOOG,2019-10-04,4786.6298828125,87.8499984741211,1414.4000244140625,3319,10,40
10764,1204.4000244140625,1218.2039794921875,1203.75,1207.6800537109375,1207.6800537109375,842900,GOOG,2019-10-07,4764.89990234375,87.37999725341797,1407.6300048828125,3320,10,41
10765,1197.5899658203125,1206.0799560546875,1189.010009765625,1189.1300048828125,1189.1300048828125,1039300,GOOG,2019-10-08,4642.52978515625,85.2300033569336,1382.0699462890625,3321,10,41
10766,1199.3499755859375,1208.3499755859375,1197.6300048828125,1202.31005859375,1202.31005859375,867700,GOOG,2019-10-09,4712.52978515625,86.37999725341797,1402.1300048828125,3322,10,41
10767,1198.5799560546875,1215.0,1197.3399658203125,1208.6700439453125,1208.6700439453125,846600,GOOG,2019-10-10,4749.27001953125,87.12000274658203,1411.0699462890625,3323,10,41
10768,1222.2099609375,1228.3900146484375,1213.739990234375,1215.449951171875,1215.449951171875,1272700,GOOG,2019-10-11,4842.0,88.83999633789062,1432.1099853515625,3324,10,41
10769,1212.3399658203125,1226.3299560546875,1211.760009765625,1217.1400146484375,1217.1400146484375,867500,GOOG,2019-10-14,4844.240234375,88.87000274658203,1430.6600341796875,3325,10,42
10770,1220.4000244140625,1247.3299560546875,1220.4000244140625,1243.010009765625,1243.010009765625,1381700,GOOG,2019-10-15,4923.56005859375,90.37000274658205,1446.4599609375,3326,10,42
10771,1241.1700439453125,1254.739990234375,1238.449951171875,1243.6400146484375,1243.6400146484375,1094600,GOOG,2019-10-16,4859.830078125,89.1500015258789,1436.22998046875,3327,10,42
10772,1250.9300537109375,1263.324951171875,1249.93994140625,1253.0699462890625,1253.0699462890625,952400,GOOG,2019-10-17,4864.06005859375,89.26000213623047,1432.8800048828125,3328,10,42
10773,1253.4599609375,1258.8900146484375,1241.0799560546875,1245.489990234375,1245.489990234375,1352800,GOOG,2019-10-18,4808.759765625,88.19000244140625,1419.8199462890625,3329,10,42
10774,1252.260009765625,1254.6290283203125,1240.5999755859375,1246.1500244140625,1246.1500244140625,1027200,GOOG,2019-10-21,4873.14990234375,89.41000366210938,1434.9599609375,3330,10,43
10775,1247.8499755859375,1250.5999755859375,1241.3800048828125,1242.800048828125,1242.800048828125,1023800,GOOG,2019-10-22,4816.72021484375,88.33999633789062,1415.2900390625,3331,10,43
10776,1242.3599853515625,1259.8900146484375,1242.3599853515625,1259.1300048828125,1259.1300048828125,911500,GOOG,2019-10-23,4780.89990234375,87.69000244140625,1417.010009765625,3332,10,43
10777,1260.9000244140625,1264.0,1253.7149658203125,1260.989990234375,1260.989990234375,1028100,GOOG,2019-10-24,4878.4501953125,89.52999877929688,1438.0,3333,10,43
10778,1251.030029296875,1269.5999755859375,1250.010009765625,1265.1300048828125,1265.1300048828125,1213100,GOOG,2019-10-25,4923.93994140625,90.3499984741211,1455.219970703125,3334,10,43
10779,1275.449951171875,1299.31005859375,1272.5400390625,1290.0,1290.0,2613200,GOOG,2019-10-28,4985.39990234375,91.5,1473.6199951171875,3335,10,44
10780,1276.22998046875,1281.5899658203125,1257.2120361328125,1262.6199951171875,1262.6199951171875,1886400,GOOG,2019-10-29,4958.1298828125,90.88999938964844,1460.0799560546875,3336,10,44
10781,1252.969970703125,1269.3599853515625,1252.0,1261.2900390625,1261.2900390625,1408900,GOOG,2019-10-30,4979.18017578125,91.4000015258789,1468.969970703125,3337,10,44
10782,1261.280029296875,1267.6700439453125,1250.843017578125,1260.1099853515625,1260.1099853515625,1455700,GOOG,2019-10-31,4932.7001953125,90.47000122070312,1467.199951171875,3338,10,44
10783,1265.0,1274.6199951171875,1260.5,1273.739990234375,1273.739990234375,1670100,GOOG,2019-11-01,5017.8798828125,92.08999633789062,1485.0699462890625,3339,11,44
10784,1276.449951171875,1294.1300048828125,1276.35498046875,1291.3699951171875,1291.3699951171875,1501000,GOOG,2019-11-04,5086.830078125,93.33000183105469,1493.199951171875,3340,11,45
10785,1292.8900146484375,1298.9300537109375,1291.22900390625,1292.030029296875,1292.030029296875,1282700,GOOG,2019-11-05,5087.669921875,93.36000061035156,1491.0400390625,3341,11,45
10786,1289.4599609375,1293.72998046875,1282.5,1291.800048828125,1291.800048828125,1153000,GOOG,2019-11-06,5058.85986328125,92.80999755859376,1490.8299560546875,3342,11,45
10787,1294.280029296875,1323.739990234375,1294.2449951171875,1308.8599853515625,1308.8599853515625,2030000,GOOG,2019-11-07,5104.02001953125,93.7300033569336,1500.800048828125,3343,11,45
10788,1305.280029296875,1318.0,1304.364990234375,1311.3699951171875,1311.3699951171875,1251400,GOOG,2019-11-08,5125.7900390625,94.08000183105469,1509.5999755859375,3344,11,45
10789,1303.1800537109375,1306.425048828125,1297.4100341796875,1299.18994140625,1299.18994140625,1011900,GOOG,2019-11-11,5107.72998046875,93.70999908447266,1510.510009765625,3345,11,46
10790,1300.0,1310.0,1295.77001953125,1298.800048828125,1298.800048828125,1085900,GOOG,2019-11-12,5127.47998046875,94.06999969482422,1514.8699951171875,3346,11,46
10791,1294.0699462890625,1304.300048828125,1293.510009765625,1298.0,1298.0,826700,GOOG,2019-11-13,5129.419921875,94.1500015258789,1518.6800537109375,3347,11,46
10792,1297.5,1317.0,1295.6500244140625,1311.4599609375,1311.4599609375,1193500,GOOG,2019-11-14,5118.2099609375,93.9800033569336,1516.6800537109375,3348,11,46
10793,1318.93994140625,1334.8800048828125,1314.280029296875,1334.8699951171875,1334.8699951171875,1782600,GOOG,2019-11-15,5167.259765625,94.77999877929688,1529.43994140625,3349,11,46
10794,1332.219970703125,1335.529052734375,1317.5,1320.699951171875,1320.699951171875,1487400,GOOG,2019-11-18,5162.080078125,94.76000213623048,1533.31005859375,3350,11,47
10795,1327.699951171875,1327.699951171875,1312.800048828125,1315.4599609375,1315.4599609375,1269200,GOOG,2019-11-19,5159.81005859375,94.73999786376952,1537.0400390625,3351,11,47
10796,1311.739990234375,1315.0,1291.1500244140625,1303.050048828125,1303.050048828125,1308600,GOOG,2019-11-20,5121.56005859375,94.0,1525.9200439453125,3352,11,47
10797,1301.47998046875,1312.5899658203125,1293.0,1301.3499755859375,1301.3499755859375,995500,GOOG,2019-11-21,5083.02001953125,93.3499984741211,1518.52001953125,3353,11,47
10798,1305.6199951171875,1308.72998046875,1291.4100341796875,1295.3399658203125,1295.3399658203125,1385700,GOOG,2019-11-22,5093.31982421875,93.56999969482422,1516.6700439453125,3354,11,47
10799,1299.1800537109375,1311.31005859375,1298.1300048828125,1306.68994140625,1306.68994140625,1036200,GOOG,2019-11-25,5177.9501953125,95.0999984741211,1538.3199462890625,3355,11,48
10800,1309.8599853515625,1314.800048828125,1305.0899658203125,1313.550048828125,1313.550048828125,1069700,GOOG,2019-11-26,5178.330078125,95.06999969482422,1539.3699951171875,3356,11,48
10801,1315.0,1318.3599853515625,1309.6300048828125,1312.989990234375,1312.989990234375,995600,GOOG,2019-11-27,5222.52001953125,95.91000366210938,1548.1800537109375,3357,11,48
10802,1307.1199951171875,1310.2049560546875,1303.969970703125,1304.9599609375,1304.9599609375,587000,GOOG,2019-11-29,5187.080078125,95.27999877929688,1542.97998046875,3359,11,48
10803,1301.0,1305.8299560546875,1281.0,1289.9200439453125,1289.9200439453125,1510900,GOOG,2019-12-02,5103.8701171875,93.77999877929688,1521.43994140625,3360,12,49
10804,1279.5699462890625,1298.4610595703125,1279.0,1295.280029296875,1295.280029296875,1143800,GOOG,2019-12-03,5050.18017578125,92.8000030517578,1508.5400390625,3361,12,49
10805,1307.010009765625,1325.800048828125,1304.8699951171875,1320.5400390625,1320.5400390625,1537500,GOOG,2019-12-04,5095.080078125,93.5500030517578,1513.8599853515625,3362,12,49
10806,1328.0,1329.3580322265625,1316.43994140625,1328.1300048828125,1328.1300048828125,1212700,GOOG,2019-12-05,5104.43017578125,93.80999755859376,1519.77001953125,3363,12,49
10807,1333.43994140625,1344.0,1333.43994140625,1340.6199951171875,1340.6199951171875,1314800,GOOG,2019-12-06,5166.490234375,94.9499969482422,1536.81005859375,3364,12,49
10808,1338.0400390625,1359.449951171875,1337.8399658203125,1343.56005859375,1343.56005859375,1354300,GOOG,2019-12-09,5140.83984375,94.44000244140624,1529.3800048828125,3365,12,50
10809,1341.5,1349.9749755859375,1336.0400390625,1344.6600341796875,1344.6600341796875,1094100,GOOG,2019-12-10,5149.7099609375,94.62000274658205,1529.4300537109375,3366,12,50
10810,1350.8399658203125,1351.199951171875,1342.6700439453125,1345.02001953125,1345.02001953125,850400,GOOG,2019-12-11,5216.72021484375,95.83000183105469,1540.239990234375,3367,12,50
10811,1345.93994140625,1355.7750244140625,1340.5,1350.27001953125,1350.27001953125,1281000,GOOG,2019-12-12,5303.85986328125,97.4499969482422,1556.9300537109375,3368,12,50
10812,1347.949951171875,1353.093017578125,1343.8699951171875,1347.8299560546875,1347.8299560546875,1549600,GOOG,2019-12-13,5303.91015625,97.31999969482422,1566.9100341796875,3369,12,50
10813,1356.5,1364.6800537109375,1352.6700439453125,1361.1700439453125,1361.1700439453125,1397300,GOOG,2019-12-16,5363.47021484375,98.37999725341795,1580.489990234375,3370,12,51
10814,1362.8900146484375,1365.0,1351.322998046875,1355.1199951171875,1355.1199951171875,1854000,GOOG,2019-12-17,5368.60009765625,98.38999938964844,1577.800048828125,3371,12,51
10815,1356.5999755859375,1360.469970703125,1351.0,1352.6199951171875,1352.6199951171875,1522600,GOOG,2019-12-18,5380.33984375,98.70999908447266,1576.8299560546875,3372,12,51
10816,1351.8199462890625,1358.0999755859375,1348.9849853515625,1356.0400390625,1356.0400390625,1469900,GOOG,2019-12-19,5422.66015625,99.41999816894531,1588.02001953125,3373,12,51
10817,1363.3499755859375,1363.6400146484375,1349.0,1349.5899658203125,1349.5899658203125,3315000,GOOG,2019-12-20,5460.60009765625,100.12999725341795,1597.0400390625,3374,12,51
10818,1355.8699951171875,1359.800048828125,1346.510009765625,1348.8399658203125,1348.8399658203125,883100,GOOG,2019-12-23,5468.66015625,100.26000213623048,1601.8599853515625,3375,12,52
10819,1348.5,1350.260009765625,1342.780029296875,1343.56005859375,1343.56005859375,347500,GOOG,2019-12-24,5471.91015625,100.41000366210938,1602.47998046875,3376,12,52
10820,1346.1700439453125,1361.3270263671875,1344.469970703125,1360.4000244140625,1360.4000244140625,667500,GOOG,2019-12-26,5492.35009765625,100.6999969482422,1614.3399658203125,3378,12,52
10821,1362.989990234375,1364.530029296875,1349.31005859375,1351.8900146484375,1351.8900146484375,1038400,GOOG,2019-12-27,5480.08984375,100.43000030517578,1614.699951171875,3379,12,52
10822,1350.0,1353.0,1334.02001953125,1336.1400146484375,1336.1400146484375,1050900,GOOG,2019-12-30,5441.669921875,99.76000213623048,1605.1500244140625,3380,12,1
10823,1330.1099853515625,1338.0,1329.0849609375,1337.02001953125,1337.02001953125,961800,GOOG,2019-12-31,5457.72998046875,100.0999984741211,1611.1700439453125,3381,12,1
10824,1341.550048828125,1368.1400146484375,1341.550048828125,1367.3699951171875,1367.3699951171875,1406600,GOOG,2020-01-02,5577.22998046875,102.30999755859376,1639.1199951171875,3383,1,1
10825,1347.8599853515625,1372.5,1345.5439453125,1360.6600341796875,1360.6600341796875,1186400,GOOG,2020-01-03,5512.14990234375,101.08000183105469,1621.6800537109375,3384,1,1
10826,1350.0,1396.5,1350.0,1394.2099609375,1394.2099609375,1732300,GOOG,2020-01-06,5500.1298828125,100.95999908447266,1626.3800048828125,3385,1,2
10827,1397.93994140625,1402.989990234375,1390.3800048828125,1393.3399658203125,1393.3399658203125,1502700,GOOG,2020-01-07,5558.1298828125,102.04000091552734,1624.5899658203125,3386,1,2
10828,1392.0799560546875,1411.5799560546875,1390.8399658203125,1404.3199462890625,1404.3199462890625,1528000,GOOG,2020-01-08,5595.43994140625,102.61000061035156,1641.3800048828125,3387,1,2
10829,1420.5699462890625,1427.3299560546875,1410.27001953125,1419.8299560546875,1419.8299560546875,1500900,GOOG,2020-01-09,5640.10009765625,103.5,1659.949951171875,3388,1,2
10830,1427.56005859375,1434.928955078125,1418.3499755859375,1429.72998046875,1429.72998046875,1820700,GOOG,2020-01-10,5622.39990234375,103.0999984741211,1656.8199462890625,3389,1,2
10831,1436.1300048828125,1440.52001953125,1426.02001953125,1439.22998046875,1439.22998046875,1652300,GOOG,2020-01-13,5681.60986328125,104.2300033569336,1679.0899658203125,3390,1,3
10832,1439.010009765625,1441.800048828125,1428.3699951171875,1430.8800048828125,1430.8800048828125,1558900,GOOG,2020-01-14,5669.490234375,104.05999755859376,1669.0799560546875,3391,1,3
10833,1430.2099609375,1441.39501953125,1430.2099609375,1439.199951171875,1439.199951171875,1282700,GOOG,2020-01-15,5643.18994140625,103.58999633789062,1670.260009765625,3392,1,3
10834,1447.43994140625,1451.989990234375,1440.9200439453125,1451.699951171875,1451.699951171875,1173700,GOOG,2020-01-16,5723.7998046875,105.0199966430664,1693.6600341796875,3393,1,3
10835,1462.9100341796875,1481.2950439453125,1458.219970703125,1480.3900146484375,1480.3900146484375,2396200,GOOG,2020-01-17,5736.06005859375,105.23999786376952,1705.75,3394,1,3
10836,1479.1199951171875,1491.8499755859375,1471.199951171875,1484.4000244140625,1484.4000244140625,2036700,GOOG,2020-01-21,5733.2001953125,105.12000274658205,1704.3299560546875,3396,1,4
10837,1491.0,1503.2139892578125,1484.9300537109375,1485.949951171875,1485.949951171875,1610800,GOOG,2020-01-22,5752.169921875,105.55999755859376,1710.5799560546875,3397,1,4
10838,1487.6400146484375,1495.52001953125,1482.0999755859375,1486.6500244140625,1486.6500244140625,1351200,GOOG,2020-01-23,5799.7099609375,106.33999633789062,1718.8499755859375,3398,1,4
10839,1493.5899658203125,1495.4949951171875,1465.25,1466.7099609375,1466.7099609375,1784600,GOOG,2020-01-24,5742.85986328125,105.3000030517578,1711.1099853515625,3399,1,4
10840,1431.0,1438.0699462890625,1421.199951171875,1433.9000244140625,1433.9000244140625,1755200,GOOG,2020-01-27,5580.68994140625,102.3499984741211,1670.6800537109375,3400,1,5
10841,1443.0,1456.0,1432.469970703125,1452.56005859375,1452.56005859375,1577400,GOOG,2020-01-28,5673.06005859375,104.0999984741211,1701.969970703125,3401,1,5
10842,1458.800048828125,1465.4300537109375,1446.739990234375,1458.6300048828125,1458.6300048828125,1077700,GOOG,2020-01-29,5617.77978515625,103.0,1705.6099853515625,3402,1,5
10843,1439.9599609375,1457.280029296875,1436.4000244140625,1455.8399658203125,1455.8399658203125,1339400,GOOG,2020-01-30,5621.1298828125,103.11000061035156,1720.6800537109375,3403,1,5
10844,1468.9000244140625,1470.1300048828125,1428.530029296875,1434.22998046875,1434.22998046875,2417200,GOOG,2020-01-31,5473.4501953125,100.31999969482422,1673.9100341796875,3404,1,5
10845,1462.0,1490.0,1458.989990234375,1485.93994140625,1485.93994140625,3036800,GOOG,2020-02-03,5564.52978515625,102.12000274658205,1695.989990234375,3405,2,6
10846,1457.0699462890625,1469.5,1426.300048828125,1447.0699462890625,1447.0699462890625,3933000,GOOG,2020-02-04,5712.6201171875,104.83000183105469,1740.06005859375,3406,2,6
10847,1462.4200439453125,1463.8399658203125,1430.56005859375,1448.22998046875,1448.22998046875,1986200,GOOG,2020-02-05,5761.1298828125,105.7300033569336,1750.550048828125,3407,2,6
10848,1450.3299560546875,1482.0,1449.5699462890625,1476.22998046875,1476.22998046875,1679400,GOOG,2020-02-06,5803.72021484375,106.4800033569336,1766.0,3408,2,6
10849,1467.300048828125,1485.8399658203125,1466.3499755859375,1479.22998046875,1479.22998046875,1172300,GOOG,2020-02-07,5721.41015625,104.94000244140624,1748.739990234375,3409,2,6
10850,1474.3199462890625,1509.5,1474.3199462890625,1508.6800537109375,1508.6800537109375,1419900,GOOG,2020-02-10,5798.66015625,106.43000030517578,1772.3599853515625,3410,2,7
10851,1511.81005859375,1529.6300048828125,1505.637939453125,1508.7900390625,1508.7900390625,1344600,GOOG,2020-02-11,5847.52978515625,107.26000213623048,1766.25,3411,2,7
10852,1514.47998046875,1520.6949462890625,1508.1099853515625,1518.27001953125,1518.27001953125,1167600,GOOG,2020-02-12,5915.5,108.48999786376952,1785.010009765625,3412,2,7
10853,1512.68994140625,1527.1800537109375,1504.5999755859375,1514.6600341796875,1514.6600341796875,929500,GOOG,2020-02-13,5909.47021484375,108.41999816894531,1779.6800537109375,3413,2,7
10854,1515.5999755859375,1520.739990234375,1507.3399658203125,1520.739990234375,1520.739990234375,1197800,GOOG,2020-02-14,5907.669921875,108.30999755859376,1788.469970703125,3414,2,7
10855,1515.0,1531.6300048828125,1512.5899658203125,1519.6700439453125,1519.6700439453125,1120700,GOOG,2020-02-18,5867.2001953125,107.6500015258789,1782.22998046875,3416,2,8
10856,1525.0699462890625,1532.10595703125,1521.4000244140625,1526.68994140625,1526.68994140625,949300,GOOG,2020-02-19,5954.6201171875,109.30999755859376,1801.6099853515625,3417,2,8
10857,1522.0,1529.6400146484375,1506.8199462890625,1518.1500244140625,1518.1500244140625,1096600,GOOG,2020-02-20,5872.83984375,107.83000183105469,1783.4200439453125,3418,2,8
10858,1508.030029296875,1512.2149658203125,1480.43994140625,1485.1099853515625,1485.1099853515625,1731700,GOOG,2020-02-21,5723.169921875,105.04000091552734,1743.280029296875,3419,2,8
10859,1426.1099853515625,1436.969970703125,1411.3900146484375,1421.5899658203125,1421.5899658203125,2867100,GOOG,2020-02-24,5481.009765625,100.62999725341795,1670.3199462890625,3420,2,9
10860,1433.0,1438.1400146484375,1382.4000244140625,1388.449951171875,1388.449951171875,2478300,GOOG,2020-02-25,5320.83984375,97.69000244140624,1617.1800537109375,3421,2,9
10861,1396.1400146484375,1415.699951171875,1379.0,1393.1800537109375,1393.1800537109375,2202400,GOOG,2020-02-26,5325.33984375,97.7300033569336,1623.6300048828125,3422,2,9
10862,1362.06005859375,1371.7039794921875,1317.1700439453125,1318.0899658203125,1318.0899658203125,2978300,GOOG,2020-02-27,5077.97021484375,93.23999786376952,1537.1199951171875,3423,2,9
10863,1277.5,1341.1400146484375,1271.0,1339.3299560546875,1339.3299560546875,3789100,GOOG,2020-02-28,5135.31005859375,94.23999786376952,1549.239990234375,3424,2,9
10864,1351.6099853515625,1390.8699951171875,1326.81494140625,1389.1099853515625,1389.1099853515625,2431500,GOOG,2020-03-02,5314.009765625,97.51000213623048,1637.6099853515625,3425,3,10
10865,1399.4200439453125,1410.1500244140625,1332.0,1341.3900146484375,1341.3900146484375,2402300,GOOG,2020-03-03,5138.990234375,94.22000122070312,1575.47998046875,3426,3,10
10866,1359.22998046875,1388.0899658203125,1343.1099853515625,1386.52001953125,1386.52001953125,1913300,GOOG,2020-03-04,5367.52978515625,98.55999755859376,1642.97998046875,3427,3,10
10867,1350.199951171875,1358.9100341796875,1305.0999755859375,1319.0400390625,1319.0400390625,2561300,GOOG,2020-03-05,5197.419921875,95.41000366210938,1590.22998046875,3428,3,10
10868,1277.06005859375,1306.219970703125,1261.050048828125,1298.4100341796875,1298.4100341796875,2660600,GOOG,2020-03-06,5086.419921875,93.31999969482422,1557.9300537109375,3429,3,10
10869,1205.300048828125,1254.760009765625,1200.0,1215.56005859375,1215.56005859375,3365400,GOOG,2020-03-09,4690.85986328125,86.0,1440.199951171875,3430,3,11
10870,1260.0,1281.1500244140625,1218.77001953125,1280.3900146484375,1280.3900146484375,2611400,GOOG,2020-03-10,4928.08984375,90.38999938964844,1535.18994140625,3431,3,11
10871,1249.699951171875,1260.9599609375,1196.0699462890625,1215.4100341796875,1215.4100341796875,2608500,GOOG,2020-03-11,4694.43017578125,86.22000122070312,1463.0,3432,3,11
10872,1126.0,1193.8699951171875,1113.300048828125,1114.9100341796877,1114.9100341796877,4226700,GOOG,2020-03-12,4229.47021484375,77.62999725341797,1319.0999755859375,3433,3,11
10873,1179.0,1219.760009765625,1117.1429443359377,1219.72998046875,1219.72998046875,3700100,GOOG,2020-03-13,4660.580078125,84.61000061035156,1476.9100341796875,3434,3,11
10874,1096.0,1152.2669677734375,1074.43994140625,1084.3299560546877,1084.3299560546877,4252400,GOOG,2020-03-16,4043.340087890625,74.0,1271.4000244140625,3435,3,12
10875,1093.1099853515623,1130.8599853515625,1056.010009765625,1119.800048828125,1119.800048828125,3861500,GOOG,2020-03-17,4373.6201171875,79.97000122070312,1357.530029296875,3436,3,12
10876,1056.510009765625,1106.5,1037.280029296875,1096.800048828125,1096.800048828125,4233400,GOOG,2020-03-18,4072.60009765625,74.80999755859375,1295.22998046875,3437,3,12
10877,1093.050048828125,1157.969970703125,1060.1080322265623,1115.2900390625,1115.2900390625,3651100,GOOG,2020-03-19,4178.2900390625,76.48999786376953,1309.5699462890625,3438,3,12
10878,1135.719970703125,1143.989990234375,1065.489990234375,1072.3199462890623,1072.3199462890623,3601800,GOOG,2020-03-20,4030.77001953125,74.0,1251.6600341796875,3439,3,12
10879,1061.3199462890623,1071.3199462890623,1013.5360107421876,1056.6199951171877,1056.6199951171877,4044100,GOOG,2020-03-23,4091.4599609375,74.8499984741211,1239.3900146484375,3440,3,13
10880,1103.77001953125,1135.0,1090.6199951171877,1134.4599609375,1134.4599609375,3344500,GOOG,2020-03-24,4478.830078125,82.0199966430664,1367.0999755859375,3441,3,13
10881,1126.469970703125,1148.9000244140625,1086.010009765625,1102.489990234375,1102.489990234375,4081500,GOOG,2020-03-25,4441.509765625,81.51000213623047,1363.260009765625,3442,3,13
10882,1111.800048828125,1169.969970703125,1093.530029296875,1161.75,1161.75,3571700,GOOG,2020-03-26,4726.8798828125,86.72000122070312,1449.8199462890625,3443,3,13
10883,1125.6700439453123,1150.6700439453125,1105.9100341796877,1110.7099609375,1110.7099609375,3208500,GOOG,2020-03-27,4502.7001953125,82.48999786376953,1383.0400390625,3444,3,13
10884,1125.0400390625,1151.6300048828125,1096.47998046875,1146.8199462890625,1146.8199462890625,2574100,GOOG,2020-03-30,4687.47998046875,85.83000183105469,1441.5999755859375,3445,3,14
10885,1147.300048828125,1175.31005859375,1138.1400146484375,1162.81005859375,1162.81005859375,2486400,GOOG,2020-03-31,4606.7099609375,84.5199966430664,1414.3599853515625,3446,3,14
10886,1122.0,1129.68994140625,1097.449951171875,1105.6199951171877,1105.6199951171877,2344200,GOOG,2020-04-01,4378.75,80.30000305175781,1347.6800537109375,3447,4,14
10887,1098.260009765625,1126.8599853515625,1096.4000244140623,1120.8399658203123,1120.8399658203123,1964900,GOOG,2020-04-02,4459.009765625,81.63999938964844,1378.3599853515625,3448,4,14
10888,1119.0150146484377,1123.5400390625,1079.81005859375,1097.8800048828123,1097.8800048828123,2313400,GOOG,2020-04-03,4378.89990234375,80.37000274658203,1355.5999755859375,3449,4,14
10889,1138.0,1194.6600341796875,1130.93994140625,1186.9200439453125,1186.9200439453125,2664700,GOOG,2020-04-06,4783.16015625,87.48999786376953,1474.5899658203125,3450,4,15
10890,1221.0,1225.0,1182.22998046875,1186.510009765625,1186.510009765625,2387300,GOOG,2020-04-07,4757.9501953125,87.30000305175781,1458.9300537109375,3451,4,15
10891,1206.5,1219.0699462890625,1188.1600341796875,1210.280029296875,1210.280029296875,1975100,GOOG,2020-04-08,4905.419921875,89.91000366210938,1498.9599609375,3452,4,15
10892,1224.0799560546875,1225.5699462890625,1196.7349853515625,1211.449951171875,1211.449951171875,2175400,GOOG,2020-04-09,4872.0400390625,89.43000030517578,1499.199951171875,3453,4,15
10893,1209.1800537109375,1220.510009765625,1187.5980224609375,1217.56005859375,1217.56005859375,1739800,GOOG,2020-04-13,4892.85009765625,89.80000305175781,1502.239990234375,3455,4,16
10894,1245.0899658203125,1282.0699462890625,1236.9300537109375,1269.22998046875,1269.22998046875,2470400,GOOG,2020-04-14,5095.81982421875,93.47000122070312,1564.8599853515625,3456,4,16
10895,1245.6099853515625,1280.4599609375,1240.4000244140625,1262.469970703125,1262.469970703125,1671700,GOOG,2020-04-15,4992.7099609375,91.6999969482422,1530.6500244140625,3457,4,16
10896,1274.0999755859375,1279.0,1242.6199951171875,1263.469970703125,1263.469970703125,2518100,GOOG,2020-04-16,5086.8798828125,93.33999633789062,1549.6700439453125,3458,4,16
10897,1284.8499755859375,1294.4300537109375,1271.22998046875,1283.25,1283.25,1949000,GOOG,2020-04-17,5156.759765625,94.62000274658205,1571.0,3459,4,16
10898,1271.0,1281.5999755859375,1261.3699951171875,1266.6099853515625,1266.6099853515625,1695500,GOOG,2020-04-20,5076.43017578125,93.16000366210938,1542.9599609375,3460,4,17
10899,1247.0,1254.27001953125,1209.7099609375,1216.3399658203125,1216.3399658203125,2153000,GOOG,2020-04-21,4856.7998046875,89.0,1479.6800537109375,3461,4,17
10900,1245.5400390625,1285.613037109375,1242.0,1263.2099609375,1263.2099609375,2092400,GOOG,2020-04-22,5079.41015625,93.18000030517578,1536.9300537109375,3462,4,17
10901,1271.550048828125,1293.31005859375,1265.6700439453125,1276.31005859375,1276.31005859375,1566200,GOOG,2020-04-23,5035.2099609375,92.4000015258789,1526.3399658203125,3463,4,17
10902,1261.1700439453125,1280.4000244140625,1249.449951171875,1279.31005859375,1279.31005859375,1639600,GOOG,2020-04-24,5134.990234375,94.06999969482422,1558.5,3464,4,17
10903,1296.0,1296.1500244140625,1269.0,1275.8800048828125,1275.8800048828125,1600600,GOOG,2020-04-27,5198.7998046875,95.3499984741211,1572.68994140625,3465,4,18
10904,1287.9300537109375,1288.050048828125,1232.199951171875,1233.6700439453125,1233.6700439453125,2951300,GOOG,2020-04-28,5125.77001953125,94.08999633789062,1550.5799560546875,3466,4,18
10905,1341.4599609375,1359.989990234375,1325.3399658203125,1341.47998046875,1341.47998046875,3793600,GOOG,2020-04-29,5338.009765625,97.73999786376952,1615.97998046875,3467,4,18
10906,1324.8800048828125,1352.8199462890625,1322.489990234375,1348.6600341796875,1348.6600341796875,2668900,GOOG,2020-04-30,5234.0,95.93000030517578,1608.5999755859375,3468,4,18
10907,1328.5,1352.0699462890625,1311.0,1320.6099853515625,1320.6099853515625,2072500,GOOG,2020-05-01,4999.580078125,91.6999969482422,1561.699951171875,3469,5,18
10908,1308.22998046875,1327.6600341796875,1299.0,1326.800048828125,1326.800048828125,1504000,GOOG,2020-05-04,5048.18017578125,92.45999908447266,1583.9200439453125,3470,5,19
10909,1337.9200439453125,1373.93994140625,1337.4599609375,1351.1099853515625,1351.1099853515625,1651500,GOOG,2020-05-05,5140.9501953125,94.29000091552734,1606.47998046875,3471,5,19
10910,1361.68994140625,1371.1199951171875,1347.2900390625,1347.300048828125,1347.300048828125,1215400,GOOG,2020-05-06,5186.009765625,94.97000122070312,1617.9300537109375,3472,5,19
10911,1365.93994140625,1377.5999755859375,1355.27001953125,1372.56005859375,1372.56005859375,1397600,GOOG,2020-05-07,5245.1298828125,96.1999969482422,1642.449951171875,3473,5,19
10912,1383.1300048828125,1398.760009765625,1375.47998046875,1388.3699951171875,1388.3699951171875,1386900,GOOG,2020-05-08,5355.31982421875,98.25,1665.4000244140625,3474,5,19
10913,1378.280029296875,1416.530029296875,1377.1519775390625,1403.260009765625,1403.260009765625,1412100,GOOG,2020-05-11,5366.33984375,98.38999938964844,1676.989990234375,3475,5,20
10914,1407.1199951171875,1415.0,1374.77001953125,1375.739990234375,1375.739990234375,1390600,GOOG,2020-05-12,5236.08984375,96.05999755859376,1641.1800537109375,3476,5,20
10915,1377.050048828125,1385.4820556640625,1328.4000244140625,1349.3299560546875,1349.3299560546875,1812600,GOOG,2020-05-13,5124.93994140625,93.87999725341795,1613.47998046875,3477,5,20
10916,1335.02001953125,1357.4200439453125,1323.9100341796875,1356.1300048828125,1356.1300048828125,1603100,GOOG,2020-05-14,5225.56982421875,95.81999969482422,1633.760009765625,3478,5,20
10917,1350.0,1374.47998046875,1339.0,1373.18994140625,1373.18994140625,1707700,GOOG,2020-05-15,5193.2099609375,95.1999969482422,1640.6600341796875,3479,5,20
10918,1361.75,1392.324951171875,1354.25,1383.93994140625,1383.93994140625,1822400,GOOG,2020-05-18,5366.8798828125,98.29000091552734,1682.7099609375,3480,5,21
10919,1386.9969482421875,1392.0,1373.4849853515625,1373.4849853515625,1373.4849853515625,1280600,GOOG,2020-05-19,5370.009765625,98.52999877929688,1675.9100341796875,3481,5,21
10920,1389.5799560546875,1410.4200439453125,1387.25,1406.719970703125,1406.719970703125,1655400,GOOG,2020-05-20,5513.5,101.19000244140624,1711.3599853515625,3482,5,21
10921,1408.0,1415.489990234375,1393.449951171875,1402.800048828125,1402.800048828125,1385000,GOOG,2020-05-21,5432.77001953125,99.72000122070312,1687.4300537109375,3483,5,21
10922,1396.7099609375,1412.760009765625,1391.8299560546875,1410.4200439453125,1410.4200439453125,1309400,GOOG,2020-05-22,5453.2998046875,100.08000183105469,1694.510009765625,3484,5,21
10923,1437.27001953125,1441.0,1412.1300048828125,1417.02001953125,1417.02001953125,2060600,GOOG,2020-05-26,5493.2001953125,100.8000030517578,1692.530029296875,3486,5,22
10924,1417.25,1421.739990234375,1391.2900390625,1417.8399658203125,1417.8399658203125,1685800,GOOG,2020-05-27,5547.10009765625,101.86000061035156,1701.699951171875,3487,5,22
10925,1396.8599853515625,1440.8399658203125,1396.0,1416.72998046875,1416.72998046875,1692200,GOOG,2020-05-28,5499.2099609375,100.94000244140624,1698.4200439453125,3488,5,22
10926,1416.93994140625,1432.5699462890625,1413.3499755859375,1428.9200439453125,1428.9200439453125,1820900,GOOG,2020-05-29,5619.85986328125,103.1500015258789,1718.489990234375,3489,5,22
10927,1418.3900146484375,1437.9599609375,1418.0,1431.8199462890625,1431.8199462890625,1217100,GOOG,2020-06-01,5610.490234375,102.95999908447266,1718.8699951171875,3490,6,23
10928,1430.550048828125,1439.6099853515625,1418.8299560546875,1439.219970703125,1439.219970703125,1278100,GOOG,2020-06-02,5675.22998046875,104.0999984741211,1734.97998046875,3491,6,23
10929,1438.300048828125,1446.552001953125,1429.7769775390625,1436.3800048828125,1436.3800048828125,1256200,GOOG,2020-06-03,5783.06005859375,106.05999755859376,1749.280029296875,3492,6,23
10930,1430.4000244140625,1438.9599609375,1404.72998046875,1412.1800537109375,1412.1800537109375,1484300,GOOG,2020-06-04,5760.52001953125,105.75,1734.5799560546875,3493,6,23
10931,1413.1700439453125,1445.050048828125,1406.0,1438.3900146484375,1438.3900146484375,1734900,GOOG,2020-06-05,5915.47021484375,108.47000122070312,1781.199951171875,3494,6,23
10932,1422.3399658203125,1447.989990234375,1422.3399658203125,1446.6099853515625,1446.6099853515625,1404200,GOOG,2020-06-08,5934.02978515625,108.87000274658205,1789.2099609375,3495,6,24
10933,1445.3599853515625,1468.0,1443.2099609375,1456.1600341796875,1456.1600341796875,1409200,GOOG,2020-06-09,5915.0498046875,108.51000213623048,1797.81005859375,3496,6,24
10934,1459.5400390625,1474.259033203125,1456.27001953125,1465.8499755859375,1465.8499755859375,1525200,GOOG,2020-06-10,5937.9599609375,109.01000213623048,1828.239990234375,3497,6,24
10935,1442.47998046875,1454.4749755859375,1402.0,1403.8399658203125,1403.8399658203125,1991300,GOOG,2020-06-11,5577.6298828125,102.4499969482422,1721.9599609375,3498,6,24
10936,1428.489990234375,1437.0,1386.02001953125,1413.1800537109375,1413.1800537109375,1946400,GOOG,2020-06-12,5662.47021484375,103.98999786376952,1745.1099853515625,3499,6,24
10937,1390.800048828125,1424.800048828125,1387.9200439453125,1419.8499755859375,1419.8499755859375,1503900,GOOG,2020-06-15,5729.97998046875,105.19000244140624,1760.27001953125,3500,6,25
10938,1445.219970703125,1455.02001953125,1425.9000244140625,1442.719970703125,1442.719970703125,1709200,GOOG,2020-06-16,5857.8701171875,107.4499969482422,1798.25,3501,6,25
10939,1447.1600341796875,1460.0,1431.3800048828125,1451.1199951171875,1451.1199951171875,1549600,GOOG,2020-06-17,5878.9501953125,107.8499984741211,1798.8299560546875,3502,6,25
10940,1449.1600341796875,1451.4100341796875,1427.010009765625,1435.9599609375,1435.9599609375,1581900,GOOG,2020-06-18,5888.18017578125,108.11000061035156,1807.5400390625,3503,6,25
10941,1444.0,1447.800048828125,1421.3499755859375,1431.719970703125,1431.719970703125,3157900,GOOG,2020-06-19,5872.0498046875,107.81999969482422,1793.719970703125,3504,6,25
10942,1429.0,1452.75,1423.2099609375,1451.8599853515625,1451.8599853515625,1542400,GOOG,2020-06-22,5922.39013671875,108.66000366210938,1828.3299560546875,3505,6,26
10943,1455.6400146484375,1475.9410400390625,1445.239990234375,1464.4100341796875,1464.4100341796875,1429800,GOOG,2020-06-23,5942.02001953125,109.01000213623048,1841.1300048828125,3506,6,26
10944,1461.510009765625,1475.4200439453125,1429.75,1431.969970703125,1431.969970703125,1756000,GOOG,2020-06-24,5808.33984375,106.58000183105469,1798.9200439453125,3507,6,26
10945,1429.9000244140625,1442.9000244140625,1420.0,1441.3299560546875,1441.3299560546875,1230500,GOOG,2020-06-25,5864.10986328125,107.5,1822.3399658203125,3508,6,26
10946,1431.3900146484375,1433.449951171875,1351.989990234375,1359.9000244140625,1359.9000244140625,4267700,GOOG,2020-06-26,5787.83984375,106.18000030517578,1785.6800537109375,3509,6,26
10947,1358.1800537109375,1395.5999755859375,1347.010009765625,1394.969970703125,1394.969970703125,1810200,GOOG,2020-06-29,5834.06005859375,106.87000274658205,1805.4599609375,3510,6,27
10948,1390.43994140625,1418.6500244140625,1383.9599609375,1413.6099853515625,1413.6099853515625,2042400,GOOG,2020-06-30,5960.27001953125,109.08000183105469,1840.0999755859373,3511,6,27
10949,1411.0999755859375,1443.0,1409.8199462890625,1438.0400390625,1438.0400390625,1775200,GOOG,2020-07-01,5948.330078125,108.91000366210938,1842.030029296875,3512,7,27
10950,1446.93994140625,1482.949951171875,1446.4200439453125,1464.699951171875,1464.699951171875,1859100,GOOG,2020-07-02,5997.080078125,109.87999725341795,1851.3299560546875,3513,7,27
10951,1480.06005859375,1506.5899658203125,1472.8599853515625,1495.699951171875,1495.699951171875,1564000,GOOG,2020-07-06,6124.41015625,112.2300033569336,1884.699951171875,3515,7,28
10952,1490.0,1516.800048828125,1483.550048828125,1485.1800537109375,1485.1800537109375,1458200,GOOG,2020-07-07,6065.77978515625,111.12999725341795,1864.780029296875,3516,7,28
10953,1494.3199462890625,1505.8800048828125,1485.6300048828125,1496.0,1496.0,1249700,GOOG,2020-07-08,6145.35009765625,112.58000183105469,1894.6500244140625,3517,7,28
10954,1506.449951171875,1522.719970703125,1488.0849609375,1510.989990234375,1510.989990234375,1423300,GOOG,2020-07-09,6212.35009765625,113.8499984741211,1901.8199462890625,3518,7,28
10955,1506.1500244140625,1543.8299560546875,1496.5400390625,1541.739990234375,1541.739990234375,1856300,GOOG,2020-07-10,6204.60986328125,113.62999725341795,1901.2900390625,3519,7,28
10956,1550.0,1577.1319580078125,1505.2430419921875,1511.3399658203125,1511.3399658203125,1846400,GOOG,2020-07-13,6063.25,111.08999633789062,1860.97998046875,3520,7,29
10957,1490.31005859375,1522.949951171875,1483.5,1520.5799560546875,1520.5799560546875,1585000,GOOG,2020-07-14,6122.22021484375,112.13999938964844,1883.27001953125,3521,7,29
10958,1523.1300048828125,1535.3299560546875,1498.0,1513.6400146484375,1513.6400146484375,1610700,GOOG,2020-07-15,6136.14990234375,112.44000244140624,1893.25,3522,7,29
10959,1500.0,1518.68994140625,1486.31005859375,1518.0,1518.0,1519300,GOOG,2020-07-16,6097.31982421875,111.6999969482422,1870.1199951171875,3523,7,29
10960,1521.6199951171875,1523.43994140625,1498.4200439453125,1515.550048828125,1515.550048828125,1456700,GOOG,2020-07-17,6146.18017578125,112.66999816894531,1879.1400146484373,3524,7,29
10961,1515.260009765625,1570.2900390625,1503.5999755859375,1565.719970703125,1565.719970703125,1557300,GOOG,2020-07-20,6300.9599609375,115.4800033569336,1927.6600341796875,3525,7,30
10962,1586.989990234375,1586.989990234375,1554.280029296875,1558.4200439453125,1558.4200439453125,1216200,GOOG,2020-07-21,6251.93017578125,114.61000061035156,1907.18994140625,3526,7,30
10963,1560.5,1570.0,1546.0999755859375,1568.489990234375,1568.489990234375,932000,GOOG,2020-07-22,6270.14013671875,114.93000030517578,1922.97998046875,3527,7,30
10964,1566.969970703125,1571.8699951171875,1507.3919677734375,1515.6800537109375,1515.6800537109375,1627600,GOOG,2020-07-23,6160.9599609375,112.93000030517578,1872.4200439453125,3528,7,30
10965,1498.9300537109375,1517.635986328125,1488.4000244140625,1511.8699951171875,1511.8699951171875,1544000,GOOG,2020-07-24,6056.31005859375,110.97000122070312,1850.2099609375,3529,7,30
10966,1515.5999755859375,1540.969970703125,1515.2099609375,1530.199951171875,1530.199951171875,1246000,GOOG,2020-07-27,6178.72021484375,113.2300033569336,1880.0400390625,3530,7,31
10967,1525.1800537109375,1526.47998046875,1497.6600341796875,1500.3399658203125,1500.3399658203125,1702200,GOOG,2020-07-28,6087.27978515625,111.56999969482422,1857.0899658203125,3531,7,31
10968,1506.3199462890625,1531.251953125,1501.3299560546875,1522.02001953125,1522.02001953125,1106500,GOOG,2020-07-29,6202.31982421875,113.68000030517578,1884.93994140625,3532,7,31
10969,1497.0,1537.8699951171875,1492.219970703125,1531.449951171875,1531.449951171875,1671400,GOOG,2020-07-30,6271.72998046875,114.87000274658205,1894.93994140625,3533,7,31
10970,1505.010009765625,1508.949951171875,1454.030029296875,1482.9599609375,1482.9599609375,3439900,GOOG,2020-07-31,6300.77001953125,115.38999938964844,1942.3900146484373,3534,7,31
10971,1486.6400146484375,1490.469970703125,1465.6400146484375,1474.449951171875,1474.449951171875,2330200,GOOG,2020-08-03,6379.60009765625,116.8499984741211,1990.719970703125,3535,8,32
10972,1476.5699462890625,1485.56005859375,1458.6500244140625,1464.969970703125,1464.969970703125,1903500,GOOG,2020-08-04,6434.509765625,117.8499984741211,1995.050048828125,3536,8,32
10973,1469.300048828125,1482.4100341796875,1463.4599609375,1473.6099853515625,1473.6099853515625,1979500,GOOG,2020-08-05,6424.56982421875,117.7699966430664,2002.02001953125,3537,8,32
10974,1471.75,1502.3900146484375,1466.0,1500.0999755859375,1500.0999755859375,1995400,GOOG,2020-08-06,6415.14990234375,117.56999969482422,2031.1700439453125,3538,8,32
10975,1500.0,1516.844970703125,1481.6400146484375,1494.489990234375,1494.489990234375,1577800,GOOG,2020-08-07,6330.83984375,115.95999908447266,1999.449951171875,3539,8,32
10976,1487.1800537109375,1504.074951171875,1473.0799560546875,1496.0999755859375,1496.0999755859375,1289300,GOOG,2020-08-10,6310.43994140625,115.6500015258789,1992.8699951171875,3540,8,33
10977,1492.43994140625,1510.0,1478.0,1480.3199462890625,1480.3199462890625,1454400,GOOG,2020-08-11,6224.2998046875,114.0199966430664,1957.3299560546875,3541,8,33
10978,1485.5799560546875,1512.385986328125,1485.25,1506.6199951171875,1506.6199951171875,1437000,GOOG,2020-08-12,6360.4599609375,116.5500030517578,2002.6099853515625,3542,8,33
10979,1510.3399658203125,1537.25,1508.0050048828125,1518.449951171875,1518.449951171875,1455200,GOOG,2020-08-13,6332.93994140625,116.01000213623048,2003.4599609375,3543,8,33
10980,1515.6600341796875,1521.9000244140625,1502.8800048828125,1507.72998046875,1507.72998046875,1354800,GOOG,2020-08-14,6304.56982421875,115.51000213623048,2001.52001953125,3544,8,33
10981,1514.6700439453125,1525.6099853515625,1507.969970703125,1517.97998046875,1517.97998046875,1378300,GOOG,2020-08-17,6372.02978515625,116.7699966430664,2014.97998046875,3545,8,34
10982,1526.1800537109375,1562.469970703125,1523.7099609375,1558.5999755859375,1558.5999755859375,2027100,GOOG,2020-08-18,6384.52001953125,117.01000213623048,2022.9200439453125,3546,8,34
10983,1553.31005859375,1573.6800537109375,1543.949951171875,1547.530029296875,1547.530029296875,1660600,GOOG,2020-08-19,6358.490234375,116.62999725341795,2017.4100341796875,3547,8,34
10984,1543.449951171875,1585.8699951171875,1538.199951171875,1581.75,1581.75,1706900,GOOG,2020-08-20,6400.1298828125,117.36000061035156,2046.4100341796875,3548,8,34
10985,1577.030029296875,1597.719970703125,1568.0050048828125,1580.4200439453125,1580.4200439453125,1446500,GOOG,2020-08-21,6408.7099609375,117.5500030517578,2071.2099609375,3549,8,34
10986,1593.97998046875,1614.1700439453125,1580.5699462890625,1588.199951171875,1588.199951171875,1409900,GOOG,2020-08-24,6458.27001953125,118.38999938964844,2089.280029296875,3550,8,35
10987,1582.0699462890625,1611.6199951171875,1582.0699462890625,1608.219970703125,1608.219970703125,2247100,GOOG,2020-08-25,6515.60986328125,119.41999816894531,2100.179931640625,3551,8,35
10988,1608.0,1659.219970703125,1603.5999755859375,1652.3800048828125,1652.3800048828125,3993400,GOOG,2020-08-26,6611.02978515625,121.1500015258789,2143.22998046875,3552,8,35
10989,1653.6800537109375,1655.0,1625.75,1634.3299560546875,1634.3299560546875,1861600,GOOG,2020-08-27,6557.0400390625,120.33000183105469,2143.830078125,3553,8,35
10990,1633.489990234375,1647.1700439453125,1630.75,1644.4100341796875,1644.4100341796875,1499000,GOOG,2020-08-28,6658.1201171875,122.08000183105469,2164.419921875,3554,8,35
10991,1647.8900146484375,1647.9649658203125,1630.31005859375,1634.1800537109375,1634.1800537109375,1823400,GOOG,2020-08-31,6651.2998046875,121.8000030517578,2172.199951171875,3555,8,36
10992,1636.6300048828125,1665.72998046875,1632.219970703125,1660.7099609375,1660.7099609375,1825300,GOOG,2020-09-01,6781.6298828125,124.41999816894531,2212.5400390625,3556,9,36
10993,1673.7750244140625,1733.1800537109375,1666.3299560546875,1728.280029296875,1728.280029296875,2511200,GOOG,2020-09-02,6915.1201171875,126.83000183105469,2232.919921875,3557,9,36
10994,1709.7139892578125,1709.7139892578125,1615.06005859375,1641.8399658203125,1641.8399658203125,3107800,GOOG,2020-09-03,6543.56005859375,120.13999938964844,2102.780029296875,3558,9,36
10995,1624.260009765625,1645.1099853515625,1547.613037109375,1591.0400390625,1591.0400390625,2608600,GOOG,2020-09-04,6435.31005859375,118.04000091552734,2074.52001953125,3559,9,36
10996,1533.510009765625,1563.864990234375,1528.010009765625,1532.3900146484375,1532.3900146484375,2610900,GOOG,2020-09-08,6150.72021484375,112.8000030517578,1979.280029296875,3561,9,37
10997,1557.530029296875,1569.0,1536.051025390625,1556.9599609375,1556.9599609375,1774700,GOOG,2020-09-09,6294.83984375,115.41000366210938,2045.52001953125,3562,9,37
10998,1560.6400146484375,1584.0810546875,1525.8050537109375,1532.02001953125,1532.02001953125,1618600,GOOG,2020-09-10,6191.419921875,113.58999633789062,1998.969970703125,3563,9,37
10999,1536.0,1575.199951171875,1497.3599853515625,1520.719970703125,1520.719970703125,1597100,GOOG,2020-09-11,6172.08984375,113.1500015258789,1983.989990234375,3564,9,37
11000,1539.0050048828125,1564.0,1515.739990234375,1519.280029296875,1519.280029296875,1696600,GOOG,2020-09-14,6285.9599609375,115.30999755859376,2025.0899658203125,3565,9,38
11001,1536.0,1559.5699462890625,1531.8349609375,1541.43994140625,1541.43994140625,1331100,GOOG,2020-09-15,6363.080078125,116.7300033569336,2045.280029296875,3566,9,38
11002,1555.5400390625,1562.0,1519.8199462890625,1520.9000244140625,1520.9000244140625,1311700,GOOG,2020-09-16,6291.72021484375,115.37000274658205,2013.4000244140625,3567,9,38
11003,1496.0,1508.2979736328125,1470.0,1495.530029296875,1495.530029296875,1879800,GOOG,2020-09-17,6241.330078125,114.4000015258789,1996.4200439453125,3568,9,38
11004,1498.010009765625,1503.0030517578125,1437.1300048828125,1459.989990234375,1459.989990234375,3103900,GOOG,2020-09-18,6158.56005859375,112.9000015258789,1963.280029296875,3569,9,38
11005,1440.06005859375,1448.3599853515625,1406.550048828125,1431.1600341796875,1431.1600341796875,2888800,GOOG,2020-09-21,6163.56005859375,113.01000213623048,1978.1400146484373,3570,9,39
11006,1450.0899658203125,1469.52001953125,1434.530029296875,1465.4599609375,1465.4599609375,1583200,GOOG,2020-09-22,6258.8701171875,114.77999877929688,2010.7099609375,3571,9,39
11007,1458.780029296875,1460.9599609375,1407.699951171875,1415.2099609375,1415.2099609375,1657400,GOOG,2020-09-23,6119.77978515625,112.2300033569336,1946.1400146484373,3572,9,39
11008,1411.030029296875,1443.708984375,1409.8499755859375,1428.2900390625,1428.2900390625,1450200,GOOG,2020-09-24,6146.81982421875,112.62000274658205,1958.1700439453125,3573,9,39
11009,1432.6300048828125,1450.0,1413.3399658203125,1444.9599609375,1444.9599609375,1323000,GOOG,2020-09-25,6267.169921875,114.8000030517578,2005.1600341796875,3574,9,39
11010,1474.2099609375,1476.800048828125,1449.301025390625,1464.52001953125,1464.52001953125,2007900,GOOG,2020-09-28,6395.2900390625,117.18000030517578,2042.3199462890625,3575,9,40
11011,1470.3900146484375,1476.6629638671875,1458.8050537109375,1469.3299560546875,1469.3299560546875,978200,GOOG,2020-09-29,6394.7998046875,117.25,2036.0999755859373,3576,9,40
11012,1466.800048828125,1489.75,1459.8800048828125,1469.5999755859375,1469.5999755859375,1701600,GOOG,2020-09-30,6401.72998046875,117.22000122070312,2054.56005859375,3577,9,40
11013,1484.27001953125,1499.0400390625,1479.2099609375,1490.0899658203125,1490.0899658203125,1779500,GOOG,2020-10-01,6513.259765625,119.38999938964844,2074.280029296875,3578,10,40
11014,1462.030029296875,1483.199951171875,1450.9200439453125,1458.4200439453125,1458.4200439453125,1284100,GOOG,2020-10-02,6341.7998046875,116.33000183105469,2021.4000244140625,3579,10,40
11015,1466.2099609375,1488.2099609375,1464.27001953125,1486.02001953125,1486.02001953125,1113300,GOOG,2020-10-05,6491.0498046875,118.9499969482422,2067.18994140625,3580,10,41
11016,1475.5799560546875,1486.760009765625,1448.5899658203125,1453.43994140625,1453.43994140625,1245400,GOOG,2020-10-06,6419.60009765625,117.55999755859376,2034.22998046875,3581,10,41
11017,1464.2900390625,1468.9599609375,1436.0,1460.2900390625,1460.2900390625,1746200,GOOG,2020-10-07,6545.5,119.93000030517578,2072.75,3582,10,41
11018,1465.0899658203125,1490.0,1465.0899658203125,1485.9300537109375,1485.9300537109375,1187800,GOOG,2020-10-08,6604.0,121.01000213623048,2082.0,3583,10,41
11019,1494.699951171875,1516.52001953125,1489.449951171875,1515.219970703125,1515.219970703125,1435300,GOOG,2020-10-09,6709.669921875,122.88999938964844,2114.080078125,3584,10,41
11020,1543.0,1593.8599853515625,1532.5699462890625,1569.1500244140625,1569.1500244140625,2482600,GOOG,2020-10-12,6850.18994140625,125.5199966430664,2171.47998046875,3585,10,42
11021,1583.72998046875,1590.0,1563.199951171875,1571.6800537109375,1571.6800537109375,1601000,GOOG,2020-10-13,6843.4599609375,125.37000274658205,2157.820068359375,3586,10,42
11022,1578.5899658203125,1587.6839599609375,1550.530029296875,1568.0799560546875,1568.0799560546875,1929300,GOOG,2020-10-14,6817.7900390625,124.87999725341795,2146.0,3587,10,42
11023,1547.1500244140625,1575.10498046875,1545.030029296875,1559.1300048828125,1559.1300048828125,1540000,GOOG,2020-10-15,6785.68994140625,124.33000183105469,2136.469970703125,3588,10,42
11024,1565.8499755859375,1581.1300048828125,1563.0,1573.010009765625,1573.010009765625,1434700,GOOG,2020-10-16,6772.080078125,123.97000122070312,2130.530029296875,3589,10,42
11025,1580.4599609375,1588.1500244140625,1528.0,1534.6099853515625,1534.6099853515625,1607100,GOOG,2020-10-19,6687.580078125,122.68000030517578,2090.580078125,3590,10,43
11026,1527.050048828125,1577.5,1525.6700439453125,1555.9300537109375,1555.9300537109375,2241700,GOOG,2020-10-20,6697.7001953125,122.72000122070312,2098.580078125,3591,10,43
11027,1573.3299560546875,1618.72998046875,1571.6300048828125,1593.31005859375,1593.31005859375,2568300,GOOG,2020-10-21,6680.4501953125,122.30999755859376,2095.830078125,3592,10,43
11028,1593.050048828125,1621.989990234375,1585.0,1615.3299560546875,1615.3299560546875,1433600,GOOG,2020-10-22,6652.919921875,121.9499969482422,2085.949951171875,3593,10,43
11029,1626.0699462890625,1642.3599853515625,1620.510009765625,1641.0,1641.0,1375800,GOOG,2020-10-23,6659.52978515625,121.91999816894531,2083.4599609375,3594,10,43
11030,1625.010009765625,1638.239990234375,1576.5,1590.449951171875,1590.449951171875,1853300,GOOG,2020-10-26,6524.52001953125,119.51000213623048,2038.3199462890625,3595,10,44
11031,1595.6700439453125,1606.844970703125,1582.780029296875,1604.260009765625,1604.260009765625,1229000,GOOG,2020-10-27,6531.35986328125,119.62999725341795,2048.929931640625,3596,10,44
11032,1559.739990234375,1561.3499755859375,1514.6199951171875,1516.6199951171875,1516.6199951171875,1834000,GOOG,2020-10-28,6307.990234375,115.5500030517578,1960.2099609375,3597,10,44
11033,1522.3599853515625,1593.7099609375,1522.239990234375,1567.239990234375,1567.239990234375,2003100,GOOG,2020-10-29,6437.22021484375,117.83999633789062,1997.3299560546875,3598,10,44
11034,1672.1099853515625,1687.0,1604.4599609375,1621.010009765625,1621.010009765625,4329100,GOOG,2020-10-30,6320.77001953125,116.06999969482422,1948.6600341796875,3599,10,44
11035,1628.1600341796875,1660.77001953125,1616.030029296875,1626.030029296875,1626.030029296875,2535400,GOOG,2020-11-02,6346.759765625,116.19000244140624,1955.3399658203125,3600,11,45
11036,1631.780029296875,1661.699951171875,1616.6199951171875,1650.2099609375,1650.2099609375,1661700,GOOG,2020-11-03,6473.669921875,118.52999877929688,1990.56005859375,3601,11,45
11037,1710.280029296875,1771.364990234375,1706.030029296875,1749.1300048828125,1749.1300048828125,3570900,GOOG,2020-11-04,6740.2001953125,123.54000091552734,2066.85009765625,3602,11,45
11038,1781.0,1793.6400146484375,1750.510009765625,1763.3699951171875,1763.3699951171875,2065800,GOOG,2020-11-05,6945.64013671875,127.1500015258789,2131.3798828125,3603,11,45
11039,1753.949951171875,1772.4300537109375,1740.3499755859375,1761.75,1761.75,1660900,GOOG,2020-11-06,6996.93994140625,128.27999877929688,2137.669921875,3604,11,45
11040,1790.9000244140625,1818.06005859375,1760.02001953125,1763.0,1763.0,2268300,GOOG,2020-11-09,6901.9599609375,126.55999755859376,2122.070068359375,3605,11,46
11041,1731.0899658203125,1763.0,1717.300048828125,1740.3900146484375,1740.3900146484375,2636100,GOOG,2020-11-10,6714.77978515625,123.04000091552734,2080.97998046875,3606,11,46
11042,1750.0,1764.219970703125,1747.364990234375,1752.7099609375,1752.7099609375,1264000,GOOG,2020-11-11,6894.6298828125,126.37000274658205,2131.22998046875,3607,11,46
11043,1747.6300048828125,1768.27001953125,1745.5999755859375,1749.8399658203125,1749.8399658203125,1247500,GOOG,2020-11-12,6830.06005859375,125.23999786376952,2111.14990234375,3608,11,46
11044,1757.6300048828125,1781.0400390625,1744.550048828125,1777.02001953125,1777.02001953125,1499900,GOOG,2020-11-13,6915.64013671875,126.62000274658205,2129.219970703125,3609,11,46
11045,1771.699951171875,1799.0699462890625,1767.68994140625,1781.3800048828125,1781.3800048828125,1246800,GOOG,2020-11-16,6995.14990234375,128.16000366210938,2150.030029296875,3610,11,47
11046,1776.93994140625,1785.0,1767.0,1770.1500244140625,1770.1500244140625,1147100,GOOG,2020-11-17,6958.3798828125,127.55999755859376,2138.2099609375,3611,11,47
11047,1765.22998046875,1773.469970703125,1746.1400146484375,1746.780029296875,1746.780029296875,1173500,GOOG,2020-11-18,6881.2998046875,126.1999969482422,2114.409912109375,3612,11,47
11048,1738.3800048828125,1769.5899658203125,1737.0050048828125,1763.9200439453125,1763.9200439453125,1249900,GOOG,2020-11-19,6977.14013671875,127.94000244140624,2132.070068359375,3613,11,47
11049,1765.2099609375,1774.0,1741.8599853515625,1742.18994140625,1742.18994140625,2313500,GOOG,2020-11-20,6927.580078125,127.06999969482422,2109.679931640625,3614,11,47
11050,1749.5999755859375,1753.9000244140625,1717.719970703125,1734.8599853515625,1734.8599853515625,2161600,GOOG,2020-11-23,6961.81005859375,127.66999816894531,2108.97998046875,3615,11,48
11051,1730.5,1771.5999755859375,1727.68994140625,1768.8800048828125,1768.8800048828125,1578000,GOOG,2020-11-24,7028.8798828125,128.86000061035156,2138.18994140625,3616,11,48
11052,1772.8900146484375,1778.5400390625,1756.5400390625,1771.4300537109375,1771.4300537109375,1045800,GOOG,2020-11-25,7034.0498046875,128.97999572753906,2142.989990234375,3617,11,48
11053,1773.0899658203125,1804.0,1772.43994140625,1793.18994140625,1793.18994140625,884900,GOOG,2020-11-27,7122.22021484375,130.53999328613278,2153.929931640625,3619,11,48
11054,1781.1839599609375,1788.06494140625,1755.0,1760.739990234375,1760.739990234375,1823800,GOOG,2020-11-30,7170.509765625,131.46000671386722,2168.10009765625,3620,11,49
11055,1774.3699951171875,1824.8299560546875,1769.3699951171875,1798.0999755859375,1798.0999755859375,1736900,GOOG,2020-12-01,7254.330078125,132.85000610351562,2198.659912109375,3621,12,49
11056,1798.0999755859375,1835.6500244140625,1789.4730224609375,1827.949951171875,1827.949951171875,1222000,GOOG,2020-12-02,7274.1298828125,133.35000610351562,2193.889892578125,3622,12,49
11057,1824.010009765625,1847.199951171875,1822.6500244140625,1826.77001953125,1826.77001953125,1227300,GOOG,2020-12-03,7251.8701171875,132.94000244140622,2191.590087890625,3623,12,49
11058,1824.52001953125,1833.1600341796875,1816.989990234375,1827.989990234375,1827.989990234375,1378200,GOOG,2020-12-04,7394.85009765625,135.52000427246094,2213.89990234375,3624,12,49
11059,1819.0,1832.3699951171875,1805.780029296875,1819.47998046875,1819.47998046875,1320900,GOOG,2020-12-07,7411.35009765625,135.78999328613278,2219.75,3625,12,50
11060,1810.0999755859373,1821.9000244140625,1796.2049560546875,1818.550048828125,1818.550048828125,1096300,GOOG,2020-12-08,7443.58984375,136.55999755859378,2227.419921875,3626,12,50
11061,1812.010009765625,1834.27001953125,1767.81005859375,1784.1300048828125,1784.1300048828125,1507600,GOOG,2020-12-09,7271.35009765625,133.36000061035156,2185.60009765625,3627,12,50
11062,1769.800048828125,1781.31005859375,1740.3199462890625,1775.3299560546875,1775.3299560546875,1362800,GOOG,2020-12-10,7275.830078125,133.47000122070312,2187.199951171875,3628,12,50
11063,1763.06005859375,1784.449951171875,1760.0,1781.77001953125,1781.77001953125,1220700,GOOG,2020-12-11,7258.27978515625,132.99000549316406,2182.239990234375,3629,12,50
11064,1775.0,1797.3900146484375,1757.2149658203125,1760.06005859375,1760.06005859375,1600200,GOOG,2020-12-14,7327.02978515625,134.39999389648438,2191.239990234375,3630,12,51
11065,1764.4200439453125,1771.4200439453125,1749.949951171875,1767.77001953125,1767.77001953125,1482300,GOOG,2020-12-15,7427.22021484375,136.17999267578122,2226.5400390625,3631,12,51
11066,1772.8800048828125,1773.0,1756.0799560546875,1763.0,1763.0,1513500,GOOG,2020-12-16,7468.64013671875,137.00999450683594,2243.06005859375,3632,12,51
11067,1768.510009765625,1771.7840576171875,1738.6600341796875,1747.9000244140625,1747.9000244140625,1624700,GOOG,2020-12-17,7517.85986328125,137.85000610351562,2259.840087890625,3633,12,51
11068,1754.1800537109375,1755.1099853515625,1720.219970703125,1731.010009765625,1731.010009765625,4016400,GOOG,2020-12-18,7526.35986328125,137.94000244140622,2252.06005859375,3634,12,51
11069,1713.510009765625,1740.8499755859375,1699.0,1739.3699951171875,1739.3699951171875,1828400,GOOG,2020-12-21,7515.08984375,137.72999572753906,2253.699951171875,3635,12,52
11070,1734.4300537109375,1737.405029296875,1712.574951171875,1723.5,1723.5,936700,GOOG,2020-12-22,7563.77001953125,138.66000366210938,2273.06005859375,3636,12,52
11071,1728.1099853515625,1747.989990234375,1725.0400390625,1732.3800048828125,1732.3800048828125,1033800,GOOG,2020-12-23,7488.14013671875,137.30000305175778,2253.780029296875,3637,12,52
11072,1735.0,1746.0,1729.1099853515625,1738.8499755859375,1738.8499755859375,346800,GOOG,2020-12-24,7523.2998046875,137.8800048828125,2270.60009765625,3638,12,52
11073,1751.635009765625,1790.72802734375,1746.3349609375,1776.0899658203125,1776.0899658203125,1393000,GOOG,2020-12-28,7495.5,137.25999450683594,2296.97998046875,3640,12,53
11074,1787.7900390625,1792.43994140625,1756.0899658203125,1758.719970703125,1758.719970703125,1299400,GOOG,2020-12-29,7458.64990234375,136.64999389648438,2284.969970703125,3641,12,53
11075,1762.010009765625,1765.094970703125,1725.5999755859375,1739.52001953125,1739.52001953125,1306100,GOOG,2020-12-30,7529.83984375,138.10000610351562,2284.469970703125,3642,12,53
11076,1735.4200439453125,1758.9300537109375,1735.4200439453125,1751.8800048828125,1751.8800048828125,1011900,GOOG,2020-12-31,7541.0498046875,138.07000732421878,2291.280029296875,3643,12,53
11077,1757.5400390625,1760.6500244140625,1707.8499755859375,1728.239990234375,1728.239990234375,1901900,GOOG,2021-01-04,7463.18017578125,136.64999389648438,2250.169921875,3640,1,1
11078,1725.0,1747.6700439453125,1718.0150146484375,1740.9200439453125,1740.9200439453125,1145300,GOOG,2021-01-05,7544.919921875,138.16999816894528,2265.929931640625,3641,1,1
11079,1702.6300048828125,1748.0,1699.0,1735.2900390625,1735.2900390625,2602100,GOOG,2021-01-06,7427.18017578125,136.1300048828125,2225.02001953125,3642,1,1
11080,1740.06005859375,1788.4000244140625,1737.050048828125,1787.25,1787.25,2265000,GOOG,2021-01-07,7670.759765625,140.52000427246094,2283.969970703125,3643,1,1
11081,1787.97998046875,1809.8399658203125,1773.5350341796875,1807.2099609375,1807.2099609375,2050600,GOOG,2021-01-08,7751.66015625,141.97000122070312,2301.169921875,3644,1,1
11082,1786.0699462890625,1794.31494140625,1760.52001953125,1766.719970703125,1766.719970703125,1209700,GOOG,2021-01-11,7723.3798828125,141.57000732421875,2279.5400390625,3645,1,2
11083,1753.9200439453125,1778.0400390625,1725.31005859375,1746.550048828125,1746.550048828125,1357000,GOOG,2021-01-12,7776.0400390625,142.30999755859375,2269.840087890625,3646,1,2
11084,1738.5799560546875,1765.0350341796875,1738.010009765625,1754.4000244140625,1754.4000244140625,1094100,GOOG,2021-01-13,7774.02001953125,142.49000549316406,2284.590087890625,3647,1,2
11085,1753.6199951171875,1775.010009765625,1733.4000244140625,1740.1800537109375,1740.1800537109375,1179500,GOOG,2021-01-14,7831.3798828125,143.4499969482422,2262.97998046875,3648,1,2
11086,1738.18994140625,1756.0,1721.550048828125,1736.18994140625,1736.18994140625,1342200,GOOG,2021-01-15,7729.1201171875,141.47999572753906,2240.949951171875,3649,1,2
11087,1752.25,1809.2750244140625,1741.4599609375,1790.8599853515625,1790.8599853515625,1734600,GOOG,2021-01-19,7918.9501953125,145.05999755859375,2270.25,3651,1,3
11088,1831.4599609375,1903.7099609375,1825.530029296875,1886.9000244140625,1886.9000244140625,2490300,GOOG,2021-01-20,7974.97998046875,146.08999633789062,2316.030029296875,3652,1,3
11089,1898.0,1934.8599853515625,1887.1099853515625,1891.25,1891.25,2063900,GOOG,2021-01-21,8007.080078125,146.6999969482422,2346.56005859375,3653,1,3
11090,1895.6800537109373,1910.949951171875,1881.760009765625,1901.050048828125,1901.050048828125,1272100,GOOG,2021-01-22,7945.0,145.52000427246094,2339.1201171875,3654,1,3
11091,1920.6700439453125,1929.5799560546875,1867.530029296875,1899.4000244140625,1899.4000244140625,1927300,GOOG,2021-01-25,7953.0400390625,145.57000732421875,2359.6201171875,3655,1,4
11092,1888.8399658203125,1925.0,1884.2449951171875,1917.239990234375,1917.239990234375,1313100,GOOG,2021-01-26,7876.31982421875,144.27000427246094,2359.81005859375,3656,1,4
11093,1882.530029296875,1890.0,1809.0,1830.7900390625,1830.7900390625,2748300,GOOG,2021-01-27,7548.91015625,138.33999633789062,2314.409912109375,3657,1,4
11094,1843.93994140625,1898.8299560546875,1842.6400146484373,1863.1099853515625,1863.1099853515625,1773100,GOOG,2021-01-28,7702.56982421875,141.05999755859375,2324.89990234375,3658,1,4
11095,1846.1700439453125,1857.280029296875,1810.199951171875,1835.739990234375,1835.739990234375,1612600,GOOG,2021-01-29,7576.52978515625,138.92999267578122,2269.1201171875,3659,1,4
11096,1853.5699462890625,1922.3919677734373,1850.9300537109373,1901.3499755859373,1901.3499755859373,1602200,GOOG,2021-02-01,7832.35986328125,143.41000366210938,2326.070068359375,3660,2,5
11097,1922.56005859375,1955.760009765625,1914.489990234375,1927.510009765625,1927.510009765625,2273700,GOOG,2021-02-02,7994.22998046875,146.47000122070312,2355.89990234375,3661,2,5
11098,2073.0,2116.5,2018.3800048828125,2070.070068359375,2070.070068359375,4118200,GOOG,2021-02-03,7854.9599609375,143.88999938964844,2348.81005859375,3662,2,5
11099,2068.889892578125,2078.550048828125,2042.5899658203125,2062.3701171875,2062.3701171875,1852300,GOOG,2021-02-04,7970.3701171875,145.9499969482422,2385.110107421875,3663,2,5
11100,2070.0,2102.510009765625,2059.330078125,2098.0,2098.0,1535100,GOOG,2021-02-05,7988.4599609375,146.3300018310547,2379.860107421875,3664,2,5
11101,2105.909912109375,2123.547119140625,2072.0,2092.909912109375,2092.909912109375,1241900,GOOG,2021-02-08,8121.08984375,148.5800018310547,2404.56005859375,3665,2,6
11102,2078.5400390625,2105.1298828125,2078.5400390625,2083.510009765625,2083.510009765625,889900,GOOG,2021-02-09,8155.9599609375,149.35000610351562,2399.969970703125,3666,2,6
11103,2094.2099609375,2108.3701171875,2063.090087890625,2095.3798828125,2095.3798828125,1135500,GOOG,2021-02-10,8201.919921875,150.17999267578125,2396.35009765625,3667,2,6
11104,2099.510009765625,2102.030029296875,2077.320068359375,2095.889892578125,2095.889892578125,945700,GOOG,2021-02-11,8384.099609375,153.5,2422.530029296875,3668,2,6
11105,2090.25,2108.820068359375,2083.1298828125,2104.110107421875,2104.110107421875,855700,GOOG,2021-02-12,8470.0498046875,155.1199951171875,2434.510009765625,3669,2,6
11106,2104.360107421875,2152.679931640625,2104.360107421875,2121.89990234375,2121.89990234375,1133800,GOOG,2021-02-16,8480.8603515625,155.3800048828125,2427.320068359375,3671,2,7
11107,2100.0,2133.659912109375,2098.919921875,2128.31005859375,2128.31005859375,1070900,GOOG,2021-02-17,8349.33984375,152.99000549316406,2402.22998046875,3672,2,7
11108,2110.389892578125,2132.735107421875,2103.7099609375,2117.199951171875,2117.199951171875,1121600,GOOG,2021-02-18,8274.1201171875,151.5,2391.35009765625,3673,2,7
11109,2119.27001953125,2130.530029296875,2097.409912109375,2101.139892578125,2101.139892578125,1457400,GOOG,2021-02-19,8408.8798828125,154.0,2387.760009765625,3674,2,7
11110,2067.0,2091.419921875,2062.139892578125,2064.8798828125,2064.8798828125,1367500,GOOG,2021-02-22,8119.669921875,148.72999572753906,2333.909912109375,3675,2,8
11111,2025.010009765625,2082.010009765625,2002.02001953125,2070.860107421875,2070.860107421875,1667400,GOOG,2021-02-23,8059.7900390625,147.74000549316406,2328.110107421875,3676,2,8
11112,2041.8299560546875,2100.780029296875,2038.1300048828125,2095.169921875,2095.169921875,1248300,GOOG,2021-02-24,8207.6796875,150.32000732421875,2363.2099609375,3677,2,8
11113,2067.449951171875,2094.8798828125,2021.2900390625,2031.3599853515625,2031.3599853515625,1828400,GOOG,2021-02-25,7795.56005859375,142.86000061035156,2279.75,3678,2,8
11114,2050.52001953125,2071.010009765625,2016.06005859375,2036.8599853515625,2036.8599853515625,2083500,GOOG,2021-02-26,7888.02978515625,144.25999450683594,2293.39990234375,3679,2,8
11115,2056.52001953125,2086.52001953125,2046.0999755859373,2081.510009765625,2081.510009765625,1404500,GOOG,2021-03-01,8155.8701171875,149.36000061035156,2366.280029296875,3680,3,9
11116,2076.18994140625,2104.3701171875,2071.260009765625,2075.840087890625,2075.840087890625,1134600,GOOG,2021-03-02,7949.2900390625,145.67999267578125,2327.659912109375,3681,3,9
11117,2067.2099609375,2088.51806640625,2010.0,2026.7099609375,2026.7099609375,1484200,GOOG,2021-03-03,7660.2900390625,140.35000610351562,2269.800048828125,3682,3,9
11118,2023.3699951171875,2089.239990234375,2020.27001953125,2049.090087890625,2049.090087890625,2118000,GOOG,2021-03-04,7395.33984375,135.6300048828125,2218.580078125,3683,3,9
11119,2073.1201171875,2118.110107421875,2046.4150390625,2108.5400390625,2108.5400390625,2195200,GOOG,2021-03-05,7541.2099609375,138.17999267578122,2262.260009765625,3684,3,9
11120,2101.1298828125,2128.81005859375,2021.6099853515625,2024.1700439453125,2024.1700439453125,1647400,GOOG,2021-03-08,7197.58984375,131.91999816894528,2206.5400390625,3685,3,10
11121,2070.0,2078.0400390625,2047.8299560546875,2052.699951171875,2052.699951171875,1697300,GOOG,2021-03-09,7592.3701171875,139.00999450683594,2281.7900390625,3686,3,10
11122,2071.760009765625,2075.0,2033.3699951171875,2055.030029296875,2055.030029296875,1268600,GOOG,2021-03-10,7493.43994140625,137.35000610351562,2272.60009765625,3687,3,10
11123,2074.06005859375,2125.699951171875,2072.3798828125,2114.77001953125,2114.77001953125,1239100,GOOG,2021-03-11,7780.58984375,142.39999389648438,2320.840087890625,3688,3,10
11124,2085.0,2090.260009765625,2047.550048828125,2061.919921875,2061.919921875,1725800,GOOG,2021-03-12,7661.0,140.33000183105472,2304.260009765625,3689,3,10
11125,2062.300048828125,2067.06005859375,2043.510009765625,2066.489990234375,2066.489990234375,1298100,GOOG,2021-03-15,7803.3798828125,142.8800048828125,2329.81005859375,3690,3,11
11126,2078.989990234375,2123.56005859375,2070.0,2092.52001953125,2092.52001953125,1491600,GOOG,2021-03-16,7852.580078125,143.91000366210938,2348.179931640625,3691,3,11
11127,2076.030029296875,2109.780029296875,2054.0,2091.080078125,2091.080078125,1299000,GOOG,2021-03-17,7906.740234375,144.7899932861328,2345.570068359375,3692,3,11
11128,2061.0,2075.5,2033.550048828125,2036.219970703125,2036.219970703125,1361400,GOOG,2021-03-18,7604.509765625,139.3699951171875,2278.820068359375,3693,3,11
11129,2042.050048828125,2053.10009765625,2017.6800537109373,2043.199951171875,2043.199951171875,2314900,GOOG,2021-03-19,7681.990234375,140.60000610351562,2273.139892578125,3694,3,11
11130,2041.8399658203125,2057.989990234375,2026.0699462890625,2038.5899658203125,2038.5899658203125,1954800,GOOG,2021-03-22,7838.43994140625,143.60000610351562,2317.030029296875,3695,3,12
11131,2051.699951171875,2072.302001953125,2039.219970703125,2052.9599609375,2052.9599609375,1367000,GOOG,2021-03-23,7734.919921875,141.72000122070312,2302.31005859375,3696,3,12
11132,2065.3701171875,2078.2099609375,2041.5550537109373,2045.06005859375,2045.06005859375,1154000,GOOG,2021-03-24,7594.740234375,139.19000244140622,2274.52001953125,3697,3,12
11133,2044.81005859375,2058.8701171875,2010.72998046875,2044.3599853515625,2044.3599853515625,1418900,GOOG,2021-03-25,7547.22021484375,138.33000183105472,2272.89990234375,3698,3,12
11134,2038.8599853515625,2050.989990234375,2014.02001953125,2035.550048828125,2035.550048828125,1493500,GOOG,2021-03-26,7810.72021484375,143.1300048828125,2330.550048828125,3699,3,12
11135,2027.8800048828125,2058.429931640625,2015.6199951171875,2055.949951171875,2055.949951171875,1229800,GOOG,2021-03-29,7724.81005859375,141.61000061035156,2318.6298828125,3700,3,13
11136,2057.6298828125,2070.780029296875,2044.030029296875,2055.5400390625,2055.5400390625,1036600,GOOG,2021-03-30,7685.35986328125,140.8800048828125,2296.679931640625,3701,3,13
11137,2059.1201171875,2093.326904296875,2056.7451171875,2068.6298828125,2068.6298828125,1459900,GOOG,2021-03-31,7866.83984375,144.1999969482422,2331.06005859375,3702,3,13
11138,2097.949951171875,2142.93994140625,2096.889892578125,2137.75,2137.75,1699000,GOOG,2021-04-01,8103.52978515625,148.3800048828125,2380.030029296875,3703,4,13
11139,2152.93994140625,2237.31005859375,2151.6201171875,2225.550048828125,2225.550048828125,2164900,GOOG,2021-04-05,8245.2001953125,150.97000122070312,2428.219970703125,3705,4,14
11140,2222.5,2237.659912109375,2214.800048828125,2224.75,2224.75,1353000,GOOG,2021-04-06,8193.0400390625,150.05999755859375,2418.969970703125,3706,4,14
11141,2226.1298828125,2255.0,2225.330078125,2249.679931640625,2249.679931640625,1289900,GOOG,2021-04-07,8173.75,149.6999969482422,2432.0,3707,4,14
11142,2277.9599609375,2284.0048828125,2257.679931640625,2265.43994140625,2265.43994140625,1358300,GOOG,2021-04-08,8298.5498046875,151.94000244140625,2466.550048828125,3708,4,14
11143,2256.699951171875,2289.0400390625,2253.714111328125,2285.8798828125,2285.8798828125,1044400,GOOG,2021-04-09,8304.740234375,152.11000061035156,2490.989990234375,3709,4,14
11144,2266.25,2275.320068359375,2238.465087890625,2254.7900390625,2254.7900390625,1565900,GOOG,2021-04-12,8251.490234375,151.22999572753906,2478.919921875,3710,4,15
11145,2261.469970703125,2277.2099609375,2256.090087890625,2267.27001953125,2267.27001953125,1165500,GOOG,2021-04-13,8328.009765625,152.5399932861328,2502.590087890625,3711,4,15
11146,2275.159912109375,2277.989990234375,2249.18994140625,2254.840087890625,2254.840087890625,1011000,GOOG,2021-04-14,8224.830078125,150.6699981689453,2473.919921875,3712,4,15
11147,2276.97998046875,2306.596923828125,2266.0,2296.659912109375,2296.659912109375,1373600,GOOG,2021-04-15,8377.7001953125,153.52000427246094,2518.10009765625,3713,4,15
11148,2303.0,2306.43994140625,2284.449951171875,2297.760009765625,2297.760009765625,1129800,GOOG,2021-04-16,8323.419921875,152.44000244140625,2517.31005859375,3714,4,15
11149,2291.97998046875,2318.449951171875,2287.844970703125,2302.39990234375,2302.39990234375,1234400,GOOG,2021-04-19,8164.64013671875,149.52000427246094,2495.169921875,3715,4,16
11150,2307.889892578125,2309.60009765625,2271.7099609375,2293.6298828125,2293.6298828125,1088700,GOOG,2021-04-20,8075.93017578125,147.99000549316406,2474.25,3716,4,16
11151,2285.25,2295.320068359375,2258.570068359375,2293.2900390625,2293.2900390625,1196500,GOOG,2021-04-21,8213.2900390625,150.3800048828125,2499.550048828125,3717,4,16
11152,2293.22998046875,2303.761962890625,2256.449951171875,2267.919921875,2267.919921875,1054800,GOOG,2021-04-22,8109.85009765625,148.60000610351562,2470.14990234375,3718,4,16
11153,2283.469970703125,2325.820068359375,2278.2099609375,2315.300048828125,2315.300048828125,1433500,GOOG,2021-04-23,8259.330078125,151.25999450683594,2505.72998046875,3719,4,16
11154,2319.929931640625,2341.260009765625,2313.840087890625,2326.739990234375,2326.739990234375,1041700,GOOG,2021-04-26,8374.23046875,153.38999938964844,2519.85009765625,3720,4,17
11155,2336.0,2337.449951171875,2304.27001953125,2307.1201171875,2307.1201171875,1598600,GOOG,2021-04-27,8321.0703125,152.4199981689453,2512.929931640625,3721,4,17
11156,2407.14501953125,2452.3779296875,2374.85009765625,2379.909912109375,2379.909912109375,2986400,GOOG,2021-04-28,8264.759765625,151.4600067138672,2488.739990234375,3722,4,17
11157,2410.330078125,2436.52001953125,2402.280029296875,2429.889892578125,2429.889892578125,1977700,GOOG,2021-04-29,8286.6103515625,151.66000366210938,2488.110107421875,3723,4,17
11158,2404.489990234375,2427.139892578125,2402.159912109375,2410.1201171875,2410.1201171875,1957100,GOOG,2021-04-30,8121.35986328125,148.8000030517578,2452.6298828125,3724,4,17
11159,2402.719970703125,2419.699951171875,2384.5,2395.169921875,2395.169921875,1689400,GOOG,2021-05-03,8022.72998046875,146.8800048828125,2447.340087890625,3725,5,18
11160,2369.739990234375,2379.260009765625,2311.699951171875,2354.25,2354.25,1756000,GOOG,2021-05-04,7863.02001953125,144.02000427246094,2401.030029296875,3726,5,18
11161,2368.419921875,2382.199951171875,2351.409912109375,2356.739990234375,2356.739990234375,1090300,GOOG,2021-05-05,7859.22998046875,143.8800048828125,2397.110107421875,3727,5,18
11162,2350.639892578125,2382.7099609375,2342.337890625,2381.35009765625,2381.35009765625,1030900,GOOG,2021-05-06,7853.18994140625,143.72999572753906,2421.39990234375,3728,5,18
11163,2400.0,2416.409912109375,2390.0,2398.68994140625,2398.68994140625,1163600,GOOG,2021-05-07,7939.97998046875,145.42999267578125,2440.35009765625,3729,5,18
11164,2374.889892578125,2378.0,2334.72998046875,2341.659912109375,2341.659912109375,1300300,GOOG,2021-05-10,7665.5,140.49000549316406,2378.5,3730,5,19
11165,2291.860107421875,2322.0,2283.0,2308.760009765625,2308.760009765625,1605500,GOOG,2021-05-11,7718.93017578125,141.35000610351562,2372.719970703125,3731,5,19
11166,2261.7099609375,2285.3701171875,2230.050048828125,2239.080078125,2239.080078125,1746700,GOOG,2021-05-12,7468.7099609375,136.78999328613278,2304.75,3732,5,19
11167,2261.090087890625,2276.60107421875,2242.719970703125,2261.969970703125,2261.969970703125,1333500,GOOG,2021-05-13,7503.0,137.33999633789062,2336.429931640625,3733,5,19
11168,2291.830078125,2321.139892578125,2283.320068359375,2316.159912109375,2316.159912109375,1331200,GOOG,2021-05-14,7706.9599609375,141.1699981689453,2386.0,3734,5,19
11169,2309.320068359375,2323.340087890625,2295.0,2321.409912109375,2321.409912109375,992100,GOOG,2021-05-17,7644.7099609375,139.97999572753906,2369.2900390625,3735,5,20
11170,2336.906005859375,2343.14990234375,2303.159912109375,2303.429931640625,2303.429931640625,865100,GOOG,2021-05-18,7596.8701171875,139.25,2349.969970703125,3736,5,20
11171,2264.39990234375,2316.760009765625,2263.52001953125,2308.7099609375,2308.7099609375,967500,GOOG,2021-05-19,7690.0,140.75,2357.72998046875,3737,5,20
11172,2328.0400390625,2360.340087890625,2321.090087890625,2356.090087890625,2356.090087890625,1191600,GOOG,2021-05-20,7890.68017578125,144.5500030517578,2401.75,3738,5,20
11173,2365.989990234375,2369.0,2342.3701171875,2345.10009765625,2345.10009765625,1141600,GOOG,2021-05-21,7850.009765625,143.77000427246094,2389.18994140625,3739,5,20
11174,2367.0,2418.47998046875,2360.110107421875,2406.669921875,2406.669921875,1062200,GOOG,2021-05-24,8000.27001953125,146.63999938964844,2431.2099609375,3740,5,21
11175,2420.0,2432.889892578125,2402.989990234375,2409.070068359375,2409.070068359375,941900,GOOG,2021-05-25,8033.2099609375,147.17999267578125,2432.669921875,3741,5,21
11176,2412.8349609375,2442.944091796875,2412.514892578125,2433.530029296875,2433.530029296875,1092800,GOOG,2021-05-26,8053.77978515625,147.50999450683594,2432.35009765625,3742,5,21
11177,2436.93994140625,2440.0,2402.0,2402.510009765625,2402.510009765625,1948100,GOOG,2021-05-27,8019.8798828125,146.8699951171875,2419.570068359375,3743,5,21
11178,2421.9599609375,2428.139892578125,2407.68994140625,2411.56005859375,2411.56005859375,1205400,GOOG,2021-05-28,8064.85009765625,147.75999450683594,2426.929931640625,3744,5,21
11179,2422.0,2437.970947265625,2404.8798828125,2429.81005859375,2429.81005859375,958300,GOOG,2021-06-01,8025.759765625,147.08999633789062,2416.64990234375,3746,6,22
11180,2435.31005859375,2442.0,2404.199951171875,2421.280029296875,2421.280029296875,857900,GOOG,2021-06-02,8046.7099609375,147.41000366210938,2431.699951171875,3747,6,22
11181,2395.02001953125,2409.7451171875,2382.830078125,2404.610107421875,2404.610107421875,917300,GOOG,2021-06-03,7908.5400390625,144.94000244140625,2409.449951171875,3748,6,22
11182,2422.52001953125,2453.85888671875,2417.77001953125,2451.760009765625,2451.760009765625,1297400,GOOG,2021-06-04,8110.8701171875,148.58999633789062,2455.639892578125,3749,6,22
11183,2451.320068359375,2468.0,2441.072998046875,2466.090087890625,2466.090087890625,1192500,GOOG,2021-06-07,8101.669921875,148.4499969482422,2455.22998046875,3750,6,23
11184,2479.89990234375,2494.4951171875,2468.239990234375,2482.85009765625,2482.85009765625,1253000,GOOG,2021-06-08,8092.6298828125,148.36000061035156,2455.77001953125,3751,6,23
11185,2499.5,2505.0,2487.330078125,2491.39990234375,2491.39990234375,1006300,GOOG,2021-06-09,8069.16015625,147.8800048828125,2457.320068359375,3752,6,23
11186,2494.010009765625,2523.260009765625,2494.0,2521.60009765625,2521.60009765625,1561700,GOOG,2021-06-10,8190.75,150.07000732421875,2475.68994140625,3753,6,23
11187,2524.919921875,2526.989990234375,2498.2900390625,2513.929931640625,2513.929931640625,1262000,GOOG,2021-06-11,8240.83984375,150.89999389648438,2489.510009765625,3754,6,23
11188,2513.389892578125,2528.22998046875,2500.93994140625,2527.0400390625,2527.0400390625,1127500,GOOG,2021-06-14,8334.3798828125,152.66000366210938,2515.429931640625,3755,6,24
11189,2530.43994140625,2537.239990234375,2512.969970703125,2520.659912109375,2520.659912109375,1109100,GOOG,2021-06-15,8261.01953125,151.22999572753906,2499.340087890625,3756,6,24
11190,2524.949951171875,2530.469970703125,2482.9990234375,2513.929931640625,2513.929931640625,1315800,GOOG,2021-06-16,8221.5703125,150.75,2486.31005859375,3757,6,24
11191,2510.4599609375,2543.929931640625,2510.300048828125,2527.419921875,2527.419921875,1287800,GOOG,2021-06-17,8341.2099609375,152.7100067138672,2515.35009765625,3758,6,24
11192,2514.110107421875,2527.780029296875,2492.06005859375,2511.35009765625,2511.35009765625,2665300,GOOG,2021-06-18,8268.330078125,151.4199981689453,2491.85009765625,3759,6,24
11193,2514.800048828125,2540.735107421875,2502.68505859375,2529.10009765625,2529.10009765625,1312800,GOOG,2021-06-21,8307.33984375,152.3000030517578,2518.43994140625,3760,6,25
11194,2529.0,2545.39990234375,2520.530029296875,2539.989990234375,2539.989990234375,1049200,GOOG,2021-06-22,8393.8896484375,153.80999755859375,2540.85009765625,3761,6,25
11195,2531.0,2555.919921875,2525.0400390625,2529.22998046875,2529.22998046875,984700,GOOG,2021-06-23,8398.1796875,153.7899932861328,2537.9599609375,3762,6,25
11196,2541.070068359375,2550.7099609375,2539.199951171875,2545.639892578125,2545.639892578125,946700,GOOG,2021-06-24,8510.6103515625,155.82000732421875,2554.320068359375,3763,6,25
11197,2539.139892578125,2550.10009765625,2528.8798828125,2539.89990234375,2539.89990234375,1674200,GOOG,2021-06-25,8508.849609375,156.05999755859375,2550.530029296875,3764,6,25
11198,2540.0,2546.739990234375,2519.47607421875,2536.389892578125,2536.389892578125,1405500,GOOG,2021-06-28,8657.3896484375,158.61000061035156,2578.820068359375,3765,6,26
11199,2535.449951171875,2540.0,2508.739990234375,2520.3701171875,2520.3701171875,1047500,GOOG,2021-06-29,8721.400390625,159.82000732421875,2596.9599609375,3766,6,26
11200,2513.071044921875,2516.0,2495.14990234375,2506.320068359375,2506.320068359375,1200300,GOOG,2021-06-30,8681.2099609375,159.0399932861328,2594.47998046875,3767,6,26
11201,2496.9951171875,2529.25,2496.9951171875,2527.3701171875,2527.3701171875,856000,GOOG,2021-07-01,8607.3701171875,157.7100067138672,2597.14990234375,3768,7,26
11202,2536.7900390625,2576.9599609375,2535.3798828125,2574.3798828125,2574.3798828125,1058000,GOOG,2021-07-02,8675.759765625,158.8800048828125,2633.260009765625,3769,7,26
11203,2588.989990234375,2597.68994140625,2568.179931640625,2595.419921875,2595.419921875,1067500,GOOG,2021-07-06,8675.650390625,158.9600067138672,2642.8798828125,3771,7,27
11204,2606.820068359375,2612.798095703125,2595.199951171875,2601.550048828125,2601.550048828125,834000,GOOG,2021-07-07,8612.669921875,157.88999938964844,2655.919921875,3772,7,27
11205,2565.0,2600.64990234375,2560.800048828125,2583.5400390625,2583.5400390625,989000,GOOG,2021-07-08,8525.1796875,156.16000366210938,2631.409912109375,3773,7,27
11206,2578.889892578125,2596.989990234375,2578.8701171875,2591.489990234375,2591.489990234375,755300,GOOG,2021-07-09,8628.16015625,157.99000549316406,2656.389892578125,3774,7,27
11207,2596.669921875,2615.39990234375,2592.0,2611.280029296875,2611.280029296875,847200,GOOG,2021-07-12,8637.3701171875,158.25,2657.52001953125,3775,7,28
11208,2617.6298828125,2640.840087890625,2612.739990234375,2619.889892578125,2619.889892578125,830900,GOOG,2021-07-13,8622.1796875,158.00999450683594,2669.18994140625,3776,7,28
11209,2638.030029296875,2659.919921875,2637.9599609375,2641.64990234375,2641.64990234375,895600,GOOG,2021-07-14,8590.5703125,157.39999389648438,2688.699951171875,3777,7,28
11210,2650.0,2651.89990234375,2611.9599609375,2625.330078125,2625.330078125,829300,GOOG,2021-07-15,8497.0,155.60000610351562,2666.050048828125,3778,7,28
11211,2632.820068359375,2643.659912109375,2616.429931640625,2636.909912109375,2636.909912109375,742800,GOOG,2021-07-16,8395.5400390625,153.74000549316406,2640.199951171875,3779,7,28
11212,2623.110107421875,2624.93994140625,2570.739990234375,2585.080078125,2585.080078125,1285500,GOOG,2021-07-19,8348.0400390625,153.1300048828125,2603.449951171875,3780,7,29
11213,2600.080078125,2640.027099609375,2583.76806640625,2622.030029296875,2622.030029296875,954200,GOOG,2021-07-20,8480.419921875,155.33999633789062,2641.780029296875,3781,7,29
11214,2615.739990234375,2652.344970703125,2612.030029296875,2652.010009765625,2652.010009765625,737100,GOOG,2021-07-21,8638.08984375,158.24000549316406,2667.760009765625,3782,7,29
11215,2653.0,2670.090087890625,2648.0,2666.570068359375,2666.570068359375,680400,GOOG,2021-07-22,8663.9599609375,158.7100067138672,2686.75,3783,7,29
11216,2705.199951171875,2776.169921875,2694.010009765625,2756.320068359375,2756.320068359375,1318900,GOOG,2021-07-23,8749.51953125,160.30999755859375,2713.39990234375,3784,7,29
11217,2765.0,2794.260009765625,2753.02001953125,2792.889892578125,2792.889892578125,1152600,GOOG,2021-07-26,8726.6201171875,159.8699951171875,2712.7900390625,3785,7,30
11218,2800.219970703125,2800.219970703125,2702.0,2735.929931640625,2735.929931640625,2108200,GOOG,2021-07-27,8593.509765625,157.4600067138672,2685.52001953125,3786,7,30
11219,2771.239990234375,2793.52001953125,2727.0,2727.6298828125,2727.6298828125,2734400,GOOG,2021-07-28,8710.080078125,159.58999633789062,2682.9599609375,3787,7,30
11220,2727.612060546875,2743.030029296875,2722.760009765625,2730.81005859375,2730.81005859375,964200,GOOG,2021-07-29,8816.6904296875,161.5399932861328,2695.800048828125,3788,7,30
11221,2710.219970703125,2715.427001953125,2696.283935546875,2704.419921875,2704.419921875,1197700,GOOG,2021-07-30,8886.169921875,162.74000549316406,2693.550048828125,3789,7,30
11222,2709.68994140625,2720.409912109375,2693.389892578125,2719.7900390625,2719.7900390625,1007000,GOOG,2021-08-02,8898.580078125,162.89999389648438,2683.639892578125,3790,8,31
11223,2720.0,2726.7099609375,2683.669921875,2725.60009765625,2725.60009765625,953200,GOOG,2021-08-03,8942.26953125,163.72000122070312,2702.0400390625,3791,8,31
11224,2724.989990234375,2730.760009765625,2708.300048828125,2720.570068359375,2720.570068359375,826400,GOOG,2021-08-04,9021.8203125,165.19000244140625,2707.300048828125,3792,8,31
11225,2720.570068359375,2739.0,2712.0,2738.800048828125,2738.800048828125,593300,GOOG,2021-08-05,9040.83984375,165.60000610351562,2721.949951171875,3793,8,31
11226,2725.89990234375,2741.60107421875,2720.929931640625,2740.719970703125,2740.719970703125,678000,GOOG,2021-08-06,8990.16015625,164.67999267578125,2718.64990234375,3794,8,31
11227,2738.97998046875,2766.429931640625,2728.574951171875,2760.0400390625,2760.0400390625,618700,GOOG,2021-08-09,8965.9501953125,164.27000427246094,2709.18994140625,3795,8,32
11228,2761.590087890625,2771.030029296875,2744.530029296875,2761.929931640625,2761.929931640625,801700,GOOG,2021-08-10,8861.849609375,162.27000427246094,2689.5,3796,8,32
11229,2765.659912109375,2776.955078125,2747.0,2753.7900390625,2753.7900390625,760200,GOOG,2021-08-11,8870.900390625,162.52000427246094,2690.179931640625,3797,8,32
11230,2754.260009765625,2768.360107421875,2735.580078125,2767.7900390625,2767.7900390625,732300,GOOG,2021-08-12,8849.58984375,162.08999633789062,2705.919921875,3798,8,32
11231,2767.14990234375,2773.47998046875,2760.10009765625,2768.1201171875,2768.1201171875,629000,GOOG,2021-08-13,8877.3798828125,162.47000122070312,2720.610107421875,3799,8,32
11232,2760.0,2779.81005859375,2723.31494140625,2778.320068359375,2778.320068359375,902000,GOOG,2021-08-16,8829.4404296875,161.6999969482422,2732.56005859375,3800,8,33
11233,2763.820068359375,2774.3701171875,2735.75,2746.010009765625,2746.010009765625,1063600,GOOG,2021-08-17,8720.5703125,159.7100067138672,2708.75,3801,8,33
11234,2742.31005859375,2765.8798828125,2728.419921875,2731.39990234375,2731.39990234375,746700,GOOG,2021-08-18,8642.4599609375,158.3699951171875,2671.139892578125,3802,8,33
11235,2709.35009765625,2749.0400390625,2707.1201171875,2738.27001953125,2738.27001953125,914800,GOOG,2021-08-19,8716.8203125,159.6199951171875,2697.52001953125,3803,8,33
11236,2741.659912109375,2772.2900390625,2729.340087890625,2768.739990234375,2768.739990234375,778200,GOOG,2021-08-20,8789.6396484375,160.94000244140625,2732.56005859375,3804,8,33
11237,2779.969970703125,2843.5400390625,2774.958984375,2821.989990234375,2821.989990234375,1054500,GOOG,2021-08-23,8970.5302734375,164.2100067138672,2767.39990234375,3805,8,34
11238,2830.8701171875,2860.14990234375,2827.070068359375,2847.969970703125,2847.969970703125,756300,GOOG,2021-08-24,9025.83984375,165.3800048828125,2763.919921875,3806,8,34
11239,2857.659912109375,2866.260009765625,2848.7900390625,2859.0,2859.0,641900,GOOG,2021-08-25,9063.599609375,165.97000122070312,2762.409912109375,3807,8,34
11240,2852.3701171875,2862.696044921875,2841.830078125,2842.4599609375,2842.4599609375,746100,GOOG,2021-08-26,9026.650390625,165.38999938964844,2745.169921875,3808,8,34
11241,2842.25,2900.219970703125,2840.39990234375,2891.010009765625,2891.010009765625,1228100,GOOG,2021-08-27,9181.580078125,168.14999389648438,2771.72998046875,3809,8,34
11242,2894.090087890625,2929.7900390625,2892.0,2909.389892578125,2909.389892578125,845800,GOOG,2021-08-30,9228.9599609375,169.05999755859375,2801.929931640625,3810,8,35
11243,2917.68994140625,2922.239990234375,2900.0,2909.239990234375,2909.239990234375,1337800,GOOG,2021-08-31,9139.0703125,167.3699951171875,2786.10009765625,3811,8,35
11244,2913.0,2936.409912109375,2912.2900390625,2916.840087890625,2916.840087890625,791200,GOOG,2021-09-01,9131.8203125,167.27999877929688,2786.800048828125,3812,9,35
11245,2918.989990234375,2926.5,2882.1298828125,2884.3798828125,2884.3798828125,1092200,GOOG,2021-09-02,9157.98046875,167.72000122070312,2785.419921875,3813,9,35
11246,2882.919921875,2907.5400390625,2870.10009765625,2895.5,2895.5,955200,GOOG,2021-09-03,9209.9296875,168.7899932861328,2796.1201171875,3814,9,35
11247,2894.989990234375,2916.47998046875,2890.820068359375,2910.3798828125,2910.3798828125,758500,GOOG,2021-09-07,9181.51953125,168.22999572753906,2796.8701171875,3816,9,36
11248,2907.8701171875,2911.02001953125,2884.0,2897.669921875,2897.669921875,774300,GOOG,2021-09-08,9111.580078125,166.9499969482422,2785.510009765625,3817,9,36
11249,2897.669921875,2913.389892578125,2888.679931640625,2898.27001953125,2898.27001953125,739900,GOOG,2021-09-09,9124.2998046875,167.08999633789062,2773.72998046875,3818,9,36
11250,2908.8701171875,2920.3798828125,2834.830078125,2838.419921875,2838.419921875,1644800,GOOG,2021-09-10,9119.419921875,166.9600067138672,2746.39990234375,3819,9,36
11251,2864.02001953125,2883.820068359375,2845.64990234375,2869.300048828125,2869.300048828125,1008800,GOOG,2021-09-13,9106.3701171875,166.8000030517578,2747.360107421875,3820,9,37
11252,2883.219970703125,2894.550048828125,2858.110107421875,2868.1201171875,2868.1201171875,945800,GOOG,2021-09-14,9101.3896484375,166.77000427246094,2743.590087890625,3821,9,37
11253,2875.179931640625,2911.6298828125,2845.1201171875,2904.1201171875,2904.1201171875,1032400,GOOG,2021-09-15,9177.51953125,168.05999755859375,2767.949951171875,3822,9,37
11254,2902.419921875,2904.0,2868.326904296875,2887.469970703125,2887.469970703125,1014600,GOOG,2021-09-16,9213.7802734375,168.72999572753906,2769.7099609375,3823,9,37
11255,2875.969970703125,2884.989990234375,2821.22998046875,2829.27001953125,2829.27001953125,3002000,GOOG,2021-09-17,9090.1396484375,166.35000610351562,2727.68994140625,3824,9,37
11256,2780.00390625,2787.25,2741.06005859375,2780.340087890625,2780.340087890625,1745900,GOOG,2021-09-20,8885.1201171875,162.75,2676.93994140625,3825,9,38
11257,2802.340087890625,2816.23193359375,2778.110107421875,2792.929931640625,2792.929931640625,906500,GOOG,2021-09-21,8898.1396484375,163.11000061035156,2677.7900390625,3826,9,38
11258,2801.010009765625,2831.669921875,2789.43505859375,2818.77001953125,2818.77001953125,1103400,GOOG,2021-09-22,9011.240234375,165.10000610351562,2715.179931640625,3827,9,38
11259,2832.18994140625,2845.049072265625,2821.929931640625,2836.530029296875,2836.530029296875,863600,GOOG,2021-09-23,9107.759765625,166.75999450683594,2751.760009765625,3828,9,38
11260,2818.919921875,2858.070068359375,2817.010009765625,2852.659912109375,2852.659912109375,747500,GOOG,2021-09-24,9115.73046875,166.9499969482422,2753.590087890625,3829,9,38
11261,2831.7099609375,2850.0,2810.0,2830.02001953125,2830.02001953125,942200,GOOG,2021-09-27,9032.0400390625,165.42999267578125,2725.85009765625,3830,9,39
11262,2781.77001953125,2792.1298828125,2714.0,2723.679931640625,2723.679931640625,2109500,GOOG,2021-09-28,8697.599609375,159.38999938964844,2644.489990234375,3831,9,39
11263,2742.194091796875,2747.969970703125,2685.0,2690.419921875,2690.419921875,1316900,GOOG,2021-09-29,8600.4599609375,157.5,2641.7900390625,3832,9,39
11264,2686.5,2711.800048828125,2660.0,2665.31005859375,2665.31005859375,1764700,GOOG,2021-09-30,8606.6396484375,157.8000030517578,2623.830078125,3833,9,39
11265,2671.090087890625,2741.419921875,2667.550048828125,2729.25,2729.25,1419400,GOOG,2021-10-01,8652.1396484375,158.5399932861328,2661.5400390625,3834,10,39
11266,2713.989990234375,2714.0,2623.330078125,2675.300048828125,2675.300048828125,1576500,GOOG,2021-10-04,8413.3701171875,154.0800018310547,2598.6201171875,3835,10,40
11267,2680.0,2747.239990234375,2680.0,2723.5400390625,2723.5400390625,1206300,GOOG,2021-10-05,8535.9501953125,156.1699981689453,2636.510009765625,3836,10,40
11268,2692.510009765625,2757.0400390625,2689.72998046875,2747.080078125,2747.080078125,988200,GOOG,2021-10-06,8591.080078125,157.25,2654.60009765625,3837,10,40
11269,2777.260009765625,2803.089111328125,2771.260009765625,2783.7099609375,2783.7099609375,912500,GOOG,2021-10-07,8691.9599609375,159.14999389648438,2678.8798828125,3838,10,40
11270,2798.1201171875,2806.340087890625,2788.5869140625,2801.1201171875,2801.1201171875,946200,GOOG,2021-10-08,8626.599609375,157.9499969482422,2668.530029296875,3839,10,40
11271,2796.0,2815.27294921875,2776.1298828125,2776.949951171875,2776.949951171875,829200,GOOG,2021-10-11,8574.080078125,157.0,2654.39990234375,3840,10,41
11272,2792.75,2793.89990234375,2725.0,2734.260009765625,2734.260009765625,1126800,GOOG,2021-10-12,8555.16015625,156.66000366210938,2640.8798828125,3841,10,41
11273,2755.0,2771.0,2739.530029296875,2758.0,2758.0,819000,GOOG,2021-10-13,8681.9404296875,158.99000549316406,2655.830078125,3842,10,41
11274,2799.0400390625,2833.030029296875,2786.780029296875,2828.239990234375,2828.239990234375,1071300,GOOG,2021-10-14,8876.330078125,162.52999877929688,2716.43994140625,3843,10,41
11275,2844.0,2844.0,2821.2900390625,2833.5,2833.5,1062500,GOOG,2021-10-15,8910.6201171875,163.08999633789062,2737.929931640625,3844,10,41
11276,2824.27001953125,2859.97509765625,2824.27001953125,2859.2099609375,2859.2099609375,828200,GOOG,2021-10-18,9020.8701171875,165.11000061035156,2761.18994140625,3845,10,42
11277,2865.830078125,2882.139892578125,2861.919921875,2876.43994140625,2876.43994140625,765800,GOOG,2021-10-19,9118.5400390625,166.9199981689453,2788.02001953125,3846,10,42
11278,2884.449951171875,2884.955078125,2838.239990234375,2848.300048828125,2848.300048828125,897000,GOOG,2021-10-20,9109.330078125,166.8300018310547,2780.010009765625,3847,10,42
11279,2843.840087890625,2856.989990234375,2832.739990234375,2855.610107421875,2855.610107421875,742500,GOOG,2021-10-21,9229.080078125,168.9499969482422,2791.320068359375,3848,10,42
11280,2807.02001953125,2831.169921875,2743.409912109375,2772.5,2772.5,1509100,GOOG,2021-10-22,9177.4697265625,168.0500030517578,2782.0400390625,3849,10,42
11281,2776.2099609375,2784.115966796875,2734.969970703125,2775.4599609375,2775.4599609375,1054100,GOOG,2021-10-25,9220.58984375,168.8000030517578,2791.25,3850,10,43
11282,2812.1201171875,2816.7900390625,2780.110107421875,2793.43994140625,2793.43994140625,1412900,GOOG,2021-10-26,9192.8701171875,168.24000549316406,2800.2900390625,3851,10,43
11283,2798.050048828125,2982.360107421875,2798.050048828125,2928.550048828125,2928.550048828125,2592500,GOOG,2021-10-27,9104.3095703125,166.66000366210938,2795.010009765625,3852,10,43
11284,2945.97998046875,2948.489990234375,2895.27001953125,2922.580078125,2922.580078125,1620900,GOOG,2021-10-28,9202.1396484375,168.42999267578125,2824.6298828125,3853,10,43
11285,2910.39990234375,2972.260009765625,2903.330078125,2965.409912109375,2965.409912109375,1447700,GOOG,2021-10-29,9276.330078125,169.82000732421875,2836.8798828125,3854,10,43
11286,2963.300048828125,2967.989990234375,2871.590087890625,2875.47998046875,2875.47998046875,1613600,GOOG,2021-11-01,9316.98046875,170.50999450683594,2834.679931640625,3855,11,44
11287,2896.18798828125,2938.409912109375,2892.820068359375,2917.260009765625,2917.260009765625,1057500,GOOG,2021-11-02,9383.2998046875,171.8000030517578,2857.800048828125,3856,11,44
11288,2925.5,2938.2099609375,2901.070068359375,2935.800048828125,2935.800048828125,894300,GOOG,2021-11-03,9454.48046875,172.9600067138672,2874.919921875,3857,11,44
11289,2944.0,2999.0,2932.699951171875,2973.659912109375,2973.659912109375,1235000,GOOG,2021-11-04,9672.76953125,177.08999633789062,2919.070068359375,3858,11,44
11290,2987.070068359375,3011.4150390625,2973.0400390625,2984.820068359375,2984.820068359375,1020400,GOOG,2021-11-05,9679.8095703125,177.1999969482422,2931.659912109375,3859,11,44
11291,3000.0,3020.68994140625,2982.39990234375,2987.030029296875,2987.030029296875,919400,GOOG,2021-11-08,9772.169921875,178.91000366210938,2948.56005859375,3860,11,45
11292,2994.919921875,3007.570068359375,2950.139892578125,2984.969970703125,2984.969970703125,843800,GOOG,2021-11-09,9803.2099609375,179.49000549316406,2935.909912109375,3861,11,45
11293,2960.195068359375,2974.0,2906.5,2932.52001953125,2932.52001953125,1135400,GOOG,2021-11-10,9545.3203125,174.8000030517578,2886.699951171875,3862,11,45
11294,2942.139892578125,2970.044921875,2933.889892578125,2934.9599609375,2934.9599609375,623200,GOOG,2021-11-11,9651.01953125,176.6699981689453,2901.949951171875,3863,11,45
11295,2956.6298828125,2997.18994140625,2929.080078125,2992.909912109375,2992.909912109375,852400,GOOG,2021-11-12,9786.5,179.24000549316406,2936.35009765625,3864,11,45
11296,3000.0,3009.5400390625,2973.050048828125,2987.760009765625,2987.760009765625,812400,GOOG,2021-11-15,9712.2001953125,177.8800048828125,2932.97998046875,3865,11,46
11297,2983.409912109375,2996.64990234375,2967.0,2981.52001953125,2981.52001953125,862700,GOOG,2021-11-16,9855.419921875,180.38999938964844,2964.469970703125,3866,11,46
11298,2984.580078125,2992.52001953125,2971.260009765625,2981.239990234375,2981.239990234375,764500,GOOG,2021-11-17,9801.5498046875,179.5,2952.820068359375,3867,11,46
11299,2982.919921875,3032.199951171875,2979.969970703125,3014.179931640625,3014.179931640625,1332900,GOOG,2021-11-18,9840.0498046875,180.25,2982.97998046875,3868,11,46
11300,3020.0,3037.0,2997.75,2999.050048828125,2999.050048828125,988300,GOOG,2021-11-19,9846.5595703125,180.25,3005.820068359375,3869,11,46
11301,3002.8349609375,3014.889892578125,2940.110107421875,2941.570068359375,2941.570068359375,1230400,GOOG,2021-11-22,9627.240234375,176.3699951171875,2971.409912109375,3870,11,47
11302,2942.260009765625,2953.8798828125,2897.7900390625,2935.139892578125,2935.139892578125,906300,GOOG,2021-11-23,9539.669921875,174.6699981689453,2965.280029296875,3871,11,47
11303,2927.0,2940.0,2903.97998046875,2934.35009765625,2934.35009765625,823200,GOOG,2021-11-24,9595.7001953125,175.6300048828125,2986.2900390625,3872,11,47
11304,2900.31005859375,2905.93994140625,2849.7099609375,2856.1201171875,2856.1201171875,849600,GOOG,2021-11-26,9402.5302734375,172.52000427246094,2908.6298828125,3874,11,47
11305,2885.969970703125,2937.239990234375,2885.969970703125,2922.280029296875,2922.280029296875,1313800,GOOG,2021-11-29,9670.75,176.80999755859375,2985.409912109375,3875,11,48
11306,2909.0048828125,2932.570068359375,2841.320068359375,2849.0400390625,2849.0400390625,2079500,GOOG,2021-11-30,9446.7802734375,173.0500030517578,2956.85009765625,3876,11,48
11307,2884.25,2929.98291015625,2830.0,2832.360107421875,2832.360107421875,1423800,GOOG,2021-12-01,9275.7802734375,169.91000366210938,2919.7099609375,3877,12,48
11308,2836.47998046875,2893.5,2819.639892578125,2875.530029296875,2875.530029296875,1062500,GOOG,2021-12-02,9371.5498046875,171.47999572753906,2944.320068359375,3878,12,48
11309,2889.909912109375,2904.260009765625,2823.0,2850.409912109375,2850.409912109375,1334400,GOOG,2021-12-03,9175.669921875,168.02999877929688,2895.72998046875,3879,12,48
11310,2871.47998046875,2887.030029296875,2812.93994140625,2875.929931640625,2875.929931640625,1109900,GOOG,2021-12-06,9246.259765625,169.22999572753906,2923.89990234375,3880,12,49
11311,2919.0,2966.0,2914.050048828125,2960.72998046875,2960.72998046875,1162900,GOOG,2021-12-07,9612.73046875,175.97000122070312,3026.39990234375,3881,12,49
11312,2966.6298828125,2983.1298828125,2944.0,2974.409912109375,2974.409912109375,948200,GOOG,2021-12-08,9646.8896484375,176.58999633789062,3039.909912109375,3882,12,49
11313,2963.52001953125,2992.10009765625,2950.580078125,2962.1201171875,2962.1201171875,929000,GOOG,2021-12-09,9448.099609375,172.97000122070312,3006.639892578125,3883,12,49
11314,2982.0,2988.0,2947.14990234375,2973.5,2973.5,1081700,GOOG,2021-12-10,9518.1396484375,174.22999572753906,3068.889892578125,3884,12,49
11315,2968.8798828125,2971.25,2927.199951171875,2934.090087890625,2934.090087890625,1205200,GOOG,2021-12-13,9373.759765625,171.77000427246094,3019.139892578125,3885,12,50
11316,2895.39990234375,2908.840087890625,2844.85009765625,2899.409912109375,2899.409912109375,1238900,GOOG,2021-12-14,9240.2099609375,169.2899932861328,2969.580078125,3886,12,50
11317,2887.320068359375,2950.344970703125,2854.110107421875,2947.3701171875,2947.3701171875,1364000,GOOG,2021-12-15,9521.5498046875,174.13999938964844,3051.330078125,3887,12,50
11318,2961.5400390625,2971.030029296875,2881.85009765625,2896.77001953125,2896.77001953125,1370000,GOOG,2021-12-16,9194.330078125,168.3699951171875,2963.949951171875,3888,12,50
11319,2854.2900390625,2889.201904296875,2835.760009765625,2856.06005859375,2856.06005859375,2170200,GOOG,2021-12-17,9219.349609375,168.67999267578125,2944.889892578125,3889,12,50
11320,2813.592041015625,2852.2099609375,2805.0,2848.030029296875,2848.030029296875,1013200,GOOG,2021-12-20,9113.240234375,166.8699951171875,2908.719970703125,3890,12,51
11321,2863.0,2893.841064453125,2834.699951171875,2884.409912109375,2884.409912109375,977400,GOOG,2021-12-21,9431.2802734375,172.72999572753906,2984.389892578125,3891,12,51
11322,2882.0,2946.06005859375,2879.260009765625,2938.97998046875,2938.97998046875,921900,GOOG,2021-12-22,9508.169921875,174.02000427246094,3024.050048828125,3892,12,51
11323,2941.7900390625,2971.451904296875,2939.01708984375,2942.85009765625,2942.85009765625,690900,GOOG,2021-12-23,9584.75,175.4499969482422,3041.1201171875,3893,12,51
11324,2949.27001953125,2968.530029296875,2945.0,2961.280029296875,2961.280029296875,662800,GOOG,2021-12-27,9764.900390625,178.75,3107.4599609375,3895,12,52
11325,2967.489990234375,2967.489990234375,2918.7099609375,2928.9599609375,2928.9599609375,931200,GOOG,2021-12-28,9657.73046875,176.80999755859375,3089.10009765625,3896,12,52
11326,2928.590087890625,2943.675048828125,2910.090087890625,2930.090087890625,2930.090087890625,851100,GOOG,2021-12-29,9656.8896484375,176.77999877929688,3091.360107421875,3897,12,52
11327,2929.0,2941.25,2915.169921875,2920.050048828125,2920.050048828125,648900,GOOG,2021-12-30,9637.169921875,176.52000427246094,3070.419921875,3898,12,52
